POINTCLOUD 1 [1.312 1.308 1.306 1.304 1.302 1.272 1.266 1.286 1.3   1.306 1.306 1.306
 1.866 1.866 1.86  1.844 1.84  1.836 1.832 1.826 1.824 1.82  1.816 1.814
 1.812 1.808 1.806 1.794 1.79  1.79  1.79  1.784 1.782 1.776 1.774 1.788
 1.756 1.756 1.768 1.78  1.782 1.768 1.762 1.762 1.762 1.772 1.812 1.836
   inf   inf   inf 1.688 1.688 1.702 1.702 1.72  1.742 1.76  1.76  1.76
 1.76  1.762 1.764 0.124 1.766 1.768 1.766 1.77  1.774 1.774 1.778 1.782
 1.782 1.784 1.786 1.788 1.794 1.796 1.79    inf   inf   inf   inf   inf
   inf   inf 1.854 1.854 1.844 1.844 1.332 1.332 1.33  1.33  1.328 1.254
 1.246 1.246 1.262 1.298 1.3   1.3   1.296 1.29  1.284 1.274 1.276 2.
 2.002 2.002 2.018 2.026 2.032 2.04  2.048 2.056 2.08  2.088 2.096 2.108
 2.116 2.124 2.152 2.164 2.172 2.192 2.2   2.224 2.236 2.252 2.256 2.28
 2.292 2.32  2.332 2.348 2.376 2.384 2.4   2.44  2.456 2.472 1.844 1.85
 1.85  1.856 1.862 1.866 1.88  1.884 1.884 1.772 1.892 1.892 1.89  1.89
 1.884 1.884 1.882 1.884 1.886 1.882 3.124 3.124 2.504 2.492 2.488 2.484
 2.484 2.516 2.5   2.488 2.48  2.488   inf 3.808 3.808 3.852 3.932 2.616
 2.616 2.608   inf 2.436 2.436   inf 2.472 2.472 2.488 2.492 2.48    inf
   inf   inf 2.568 2.568 2.568 2.572 2.576 3.488 3.488 3.728 3.728 3.708
 3.7   3.688 3.68  3.68  3.668 3.668 3.676 3.656 3.652 3.66  3.652 3.644
 3.604 3.608 3.6   3.596 3.604 3.612 3.604 3.612 3.624 3.604 3.604 3.616
 3.608 3.604 3.576 3.596 3.6   3.568 3.572 3.588 3.596 3.604 3.612   inf
   inf   inf   inf 2.364 2.364 2.372 2.388   inf   inf   inf   inf 2.124
 2.124   inf 2.12  2.12  2.16  2.184 2.156 2.156 2.116 2.096 2.088 2.072
 2.04  2.028 2.    1.992 1.992 2.    2.002 1.992 1.972 1.958 1.972   inf
 2.124 2.124 2.092 4.092 4.18  4.18    inf   inf   inf   inf 1.886 1.886
   inf 1.916 1.916   inf   inf 1.43  1.43  1.446 1.45  1.458 0.126 1.486
 1.494 1.482 1.482   inf   inf   inf 1.53  1.53  1.528 1.528 1.528 1.532
 1.528   inf   inf   inf   inf   inf   inf   inf 2.428 2.428 2.444 2.444
 2.456 2.464 5.4     inf   inf 1.01  1.01  1.012 1.012 1.016 1.02  1.024
 1.03  1.036 1.034 1.03  1.028   inf   inf   inf   inf 1.048 1.048 1.062
 1.064 1.064 1.064 1.064 1.068 2.484 2.484 2.468 2.46  2.46  2.46    inf
 5.32  5.32  5.304 5.296   inf 5.256 5.256 5.216 5.2   5.184 5.168   inf
   inf 1.028 1.028 1.022 1.02  1.026 1.042 1.068 1.096 1.202   inf   inf
   inf   inf   inf   inf   inf   inf   inf   inf   inf 1.126 1.126   inf
 1.732 1.732   inf 1.734 1.734   inf 4.824 4.824 4.848 4.848 4.864 4.864
 4.824 4.824 4.824 4.84  4.808   inf   inf 4.92  4.92  4.848 4.368 4.352
 4.352   inf   inf   inf   inf   inf   inf   inf   inf   inf   inf   inf
   inf   inf 0.862 0.862 0.856 0.848 0.836 0.83  0.826 0.834 0.9     inf
   inf   inf 5.128 5.128   inf   inf 2.308 2.308 2.312 2.316 2.328 2.32
 2.324 2.332 2.328 2.328 2.332 2.328 2.328   inf   inf   inf   inf   inf
   inf 2.38  2.38  2.356 2.356 2.332 2.308 2.288 2.248 2.232 2.196 2.152
 2.14  2.14  2.272 2.272 2.232 2.216 2.204 2.736 2.736   inf   inf   inf
   inf   inf   inf 1.198 1.198 1.194 1.2   1.212 1.216   inf   inf   inf
   inf   inf   inf   inf   inf   inf   inf   inf   inf   inf   inf   inf
   inf   inf   inf   inf   inf   inf   inf   inf   inf   inf   inf 6.192
 6.192 6.208 6.208 3.268 3.268 3.272 3.272 1.81  1.81  1.808 1.808 1.808
 1.804 1.8   3.    3.    2.36  2.36  2.344 2.344 2.348 2.356   inf   inf
   inf   inf   inf   inf   inf   inf 3.296 3.296 5.664 5.664   inf   inf
   inf   inf   inf   inf   inf   inf   inf   inf   inf   inf   inf   inf
   inf   inf   inf   inf   inf   inf   inf   inf   inf   inf   inf   inf
   inf 5.472 5.472 5.456 5.48  5.48  5.456 5.464 5.464 5.472 5.488 5.504
 5.52  5.536   inf   inf   inf   inf   inf   inf 4.152 4.152   inf 4.208
 4.208 5.568 5.6   5.672 5.672 5.64  5.64  5.672 5.672 5.696 5.712 5.72
 5.736 5.76  5.768 5.752 3.832 3.832   inf   inf   inf 4.936 4.936 3.088
 3.088 3.08  4.368 4.304 4.304 4.248 4.2   4.072 4.028 3.932 3.888 2.388
 2.388 2.4   2.428 3.716   inf   inf   inf   inf   inf   inf   inf   inf
   inf 2.904 2.904 2.924 2.924 2.92  1.924 1.914 1.914 1.918 2.728 2.728
 2.708 2.708 2.676 2.652 2.628 2.592 2.58  2.564 2.52  2.5   2.488 2.464
 2.448 2.408 2.396 2.384 2.36  2.344 2.328 2.308 2.292 2.268 2.256 2.248
 2.22  2.204 2.124   inf   inf   inf   inf   inf   inf   inf   inf 2.08
 2.08  2.064 2.052 2.034 2.026 2.018 2.002 1.998 1.99  1.976 1.966 1.96 ] [-3.12413931 -3.1154248  -3.10671029 -3.09799578 -3.08928127 -3.08056676
 -3.07185225 -3.06313774 -3.05442324 -3.04570873 -3.03699422 -3.02827971
 -3.0195652  -3.01085069 -3.00213618 -2.99342167 -2.98470716 -2.97599265
 -2.96727814 -2.95856363 -2.94984912 -2.94113462 -2.93242011 -2.9237056
 -2.91499109 -2.90627658 -2.89756207 -2.88884756 -2.88013305 -2.87141854
 -2.86270403 -2.85398952 -2.84527501 -2.83656051 -2.827846   -2.81913149
 -2.81041698 -2.80170247 -2.79298796 -2.78427345 -2.77555894 -2.76684443
 -2.75812992 -2.74941541 -2.7407009  -2.7319864  -2.72327189 -2.71455738
 -2.70584287 -2.69712836 -2.68841385 -2.67969934 -2.67098483 -2.66227032
 -2.65355581 -2.6448413  -2.63612679 -2.62741228 -2.61869778 -2.60998327
 -2.60126876 -2.59255425 -2.58383974 -2.57512523 -2.56641072 -2.55769621
 -2.5489817  -2.54026719 -2.53155268 -2.52283817 -2.51412367 -2.50540916
 -2.49669465 -2.48798014 -2.47926563 -2.47055112 -2.46183661 -2.4531221
 -2.44440759 -2.43569308 -2.42697857 -2.41826406 -2.40954955 -2.40083505
 -2.39212054 -2.38340603 -2.37469152 -2.36597701 -2.3572625  -2.34854799
 -2.33983348 -2.33111897 -2.32240446 -2.31368995 -2.30497544 -2.29626094
 -2.28754643 -2.27883192 -2.27011741 -2.2614029  -2.25268839 -2.24397388
 -2.23525937 -2.22654486 -2.21783035 -2.20911584 -2.20040133 -2.19168682
 -2.18297232 -2.17425781 -2.1655433  -2.15682879 -2.14811428 -2.13939977
 -2.13068526 -2.12197075 -2.11325624 -2.10454173 -2.09582722 -2.08711271
 -2.07839821 -2.0696837  -2.06096919 -2.05225468 -2.04354017 -2.03482566
 -2.02611115 -2.01739664 -2.00868213 -1.99996762 -1.99125311 -1.9825386
 -1.97382409 -1.96510959 -1.95639508 -1.94768057 -1.93896606 -1.93025155
 -1.92153704 -1.91282253 -1.90410802 -1.89539351 -1.886679   -1.87796449
 -1.86924998 -1.86053548 -1.85182097 -1.84310646 -1.83439195 -1.82567744
 -1.81696293 -1.80824842 -1.79953391 -1.7908194  -1.78210489 -1.77339038
 -1.76467587 -1.75596137 -1.74724686 -1.73853235 -1.72981784 -1.72110333
 -1.71238882 -1.70367431 -1.6949598  -1.68624529 -1.67753078 -1.66881627
 -1.66010176 -1.65138725 -1.64267275 -1.63395824 -1.62524373 -1.61652922
 -1.60781471 -1.5991002  -1.59038569 -1.58167118 -1.57295667 -1.56424216
 -1.55552765 -1.54681314 -1.53809864 -1.52938413 -1.52066962 -1.51195511
 -1.5032406  -1.49452609 -1.48581158 -1.47709707 -1.46838256 -1.45966805
 -1.45095354 -1.44223903 -1.43352452 -1.42481002 -1.41609551 -1.407381
 -1.39866649 -1.38995198 -1.38123747 -1.37252296 -1.36380845 -1.35509394
 -1.34637943 -1.33766492 -1.32895041 -1.32023591 -1.3115214  -1.30280689
 -1.29409238 -1.28537787 -1.27666336 -1.26794885 -1.25923434 -1.25051983
 -1.24180532 -1.23309081 -1.2243763  -1.21566179 -1.20694729 -1.19823278
 -1.18951827 -1.18080376 -1.17208925 -1.16337474 -1.15466023 -1.14594572
 -1.13723121 -1.1285167  -1.11980219 -1.11108768 -1.10237318 -1.09365867
 -1.08494416 -1.07622965 -1.06751514 -1.05880063 -1.05008612 -1.04137161
 -1.0326571  -1.02394259 -1.01522808 -1.00651357 -0.99779906 -0.98908456
 -0.98037005 -0.97165554 -0.96294103 -0.95422652 -0.94551201 -0.9367975
 -0.92808299 -0.91936848 -0.91065397 -0.90193946 -0.89322495 -0.88451045
 -0.87579594 -0.86708143 -0.85836692 -0.84965241 -0.8409379  -0.83222339
 -0.82350888 -0.81479437 -0.80607986 -0.79736535 -0.78865084 -0.77993634
 -0.77122183 -0.76250732 -0.75379281 -0.7450783  -0.73636379 -0.72764928
 -0.71893477 -0.71022026 -0.70150575 -0.69279124 -0.68407673 -0.67536222
 -0.66664772 -0.65793321 -0.6492187  -0.64050419 -0.63178968 -0.62307517
 -0.61436066 -0.60564615 -0.59693164 -0.58821713 -0.57950262 -0.57078811
 -0.56207361 -0.5533591  -0.54464459 -0.53593008 -0.52721557 -0.51850106
 -0.50978655 -0.50107204 -0.49235753 -0.48364302 -0.47492851 -0.466214
 -0.45749949 -0.44878499 -0.44007048 -0.43135597 -0.42264146 -0.41392695
 -0.40521244 -0.39649793 -0.38778342 -0.37906891 -0.3703544  -0.36163989
 -0.35292538 -0.34421088 -0.33549637 -0.32678186 -0.31806735 -0.30935284
 -0.30063833 -0.29192382 -0.28320931 -0.2744948  -0.26578029 -0.25706578
 -0.24835127 -0.23963676 -0.23092226 -0.22220775 -0.21349324 -0.20477873
 -0.19606422 -0.18734971 -0.1786352  -0.16992069 -0.16120618 -0.15249167
 -0.14377716 -0.13506265 -0.12634815 -0.11763364 -0.10891913 -0.10020462
 -0.09149011 -0.0827756  -0.07406109 -0.06534658 -0.05663207 -0.04791756
 -0.03920305 -0.03048854 -0.02177403 -0.01305953 -0.00434502  0.00436949
  0.013084    0.02179851  0.03051302  0.03922753  0.04794204  0.05665655
  0.06537106  0.07408557  0.08280008  0.09151458  0.10022909  0.1089436
  0.11765811  0.12637262  0.13508713  0.14380164  0.15251615  0.16123066
  0.16994517  0.17865968  0.18737419  0.19608869  0.2048032   0.21351771
  0.22223222  0.23094673  0.23966124  0.24837575  0.25709026  0.26580477
  0.27451928  0.28323379  0.2919483   0.30066281  0.30937731  0.31809182
  0.32680633  0.33552084  0.34423535  0.35294986  0.36166437  0.37037888
  0.37909339  0.3878079   0.39652241  0.40523692  0.41395142  0.42266593
  0.43138044  0.44009495  0.44880946  0.45752397  0.46623848  0.47495299
  0.4836675   0.49238201  0.50109652  0.50981103  0.51852554  0.52724004
  0.53595455  0.54466906  0.55338357  0.56209808  0.57081259  0.5795271
  0.58824161  0.59695612  0.60567063  0.61438514  0.62309965  0.63181415
  0.64052866  0.64924317  0.65795768  0.66667219  0.6753867   0.68410121
  0.69281572  0.70153023  0.71024474  0.71895925  0.72767376  0.73638827
  0.74510277  0.75381728  0.76253179  0.7712463   0.77996081  0.78867532
  0.79738983  0.80610434  0.81481885  0.82353336  0.83224787  0.84096238
  0.84967688  0.85839139  0.8671059   0.87582041  0.88453492  0.89324943
  0.90196394  0.91067845  0.91939296  0.92810747  0.93682198  0.94553649
  0.954251    0.9629655   0.97168001  0.98039452  0.98910903  0.99782354
  1.00653805  1.01525256  1.02396707  1.03268158  1.04139609  1.0501106
  1.05882511  1.06753961  1.07625412  1.08496863  1.09368314  1.10239765
  1.11111216  1.11982667  1.12854118  1.13725569  1.1459702   1.15468471
  1.16339922  1.17211372  1.18082823  1.18954274  1.19825725  1.20697176
  1.21568627  1.22440078  1.23311529  1.2418298   1.25054431  1.25925882
  1.26797333  1.27668784  1.28540234  1.29411685  1.30283136  1.31154587
  1.32026038  1.32897489  1.3376894   1.34640391  1.35511842  1.36383293
  1.37254744  1.38126195  1.38997645  1.39869096  1.40740547  1.41611998
  1.42483449  1.433549    1.44226351  1.45097802  1.45969253  1.46840704
  1.47712155  1.48583606  1.49455057  1.50326507  1.51197958  1.52069409
  1.5294086   1.53812311  1.54683762  1.55555213  1.56426664  1.57298115
  1.58169566  1.59041017  1.59912468  1.60783918  1.61655369  1.6252682
  1.63398271  1.64269722  1.65141173  1.66012624  1.66884075  1.67755526
  1.68626977  1.69498428  1.70369879  1.7124133   1.7211278   1.72984231
  1.73855682  1.74727133  1.75598584  1.76470035  1.77341486  1.78212937
  1.79084388  1.79955839  1.8082729   1.81698741  1.82570191  1.83441642
  1.84313093  1.85184544  1.86055995  1.86927446  1.87798897  1.88670348
  1.89541799  1.9041325   1.91284701  1.92156152  1.93027603  1.93899053
  1.94770504  1.95641955  1.96513406  1.97384857  1.98256308  1.99127759
  1.9999921   2.00870661  2.01742112  2.02613563  2.03485014  2.04356464
  2.05227915  2.06099366  2.06970817  2.07842268  2.08713719  2.0958517
  2.10456621  2.11328072  2.12199523  2.13070974  2.13942425  2.14813876
  2.15685326  2.16556777  2.17428228  2.18299679  2.1917113   2.20042581
  2.20914032  2.21785483  2.22656934  2.23528385  2.24399836  2.25271287
  2.26142737  2.27014188  2.27885639  2.2875709   2.29628541  2.30499992
  2.31371443  2.32242894  2.33114345  2.33985796  2.34857247  2.35728698
  2.36600148  2.37471599  2.3834305   2.39214501  2.40085952  2.40957403
  2.41828854  2.42700305  2.43571756  2.44443207  2.45314658  2.46186109
  2.4705756   2.4792901   2.48800461  2.49671912  2.50543363  2.51414814
  2.52286265  2.53157716  2.54029167  2.54900618  2.55772069  2.5664352
  2.57514971  2.58386421  2.59257872  2.60129323  2.61000774  2.61872225
  2.62743676  2.63615127  2.64486578  2.65358029  2.6622948   2.67100931
  2.67972382  2.68843833  2.69715283  2.70586734  2.71458185  2.72329636
  2.73201087  2.74072538  2.74943989  2.7581544   2.76686891  2.77558342
  2.78429793  2.79301244  2.80172694  2.81044145  2.81915596  2.82787047
  2.83658498  2.84529949  2.854014    2.86272851  2.87144302  2.88015753
  2.88887204  2.89758655  2.90630106  2.91501556  2.92373007  2.93244458
  2.94115909  2.9498736   2.95858811  2.96730262  2.97601713  2.98473164
  2.99344615  3.00216066  3.01087517  3.01958967  3.02830418  3.03701869
  3.0457332   3.05444771  3.06316222  3.07187673  3.08059124  3.08930575
  3.09802026  3.10673477  3.11544928  3.12416379  3.13287829  3.1415928 ]
POINTCLOUD 2 [1.31  1.308 1.308 1.304 1.296 1.28  1.268 1.282 1.302 1.306 1.304 1.302
 1.86  1.86  1.856 1.85  1.842 1.836 1.832 1.828 1.822 1.82  1.818 1.816
 1.812 1.808 1.806 1.796 1.792 1.79  1.79  1.784 1.782 1.776 1.774 1.792
 1.786 1.77  1.77  1.758 1.768 1.768 1.762 1.764 1.762 1.772 1.808 1.838
   inf   inf   inf   inf   inf 1.7   1.7   1.72  1.758 1.76  1.76  1.76
 1.76  1.762 0.125 0.124 1.766 1.768 1.766 1.768 1.774 1.772 1.776 1.782
 1.784 1.786 1.786 1.79  1.796 1.796 1.79    inf   inf   inf   inf   inf
   inf   inf 1.856 1.856 1.844 1.842 1.334 1.334 1.33  1.33  1.328 1.246
 1.246 1.246 1.28  1.296 1.3   1.3   1.3   1.294 1.28  1.276 1.278 1.998
 2.    2.006 2.016 2.024 2.036 2.04  2.048 2.068 2.076 2.088 2.1   2.108
 2.116 2.136 2.148 2.16  2.18  2.188 2.212 2.22  2.236 2.248 2.268 2.28
 2.304 2.316 2.328 2.36  2.376 2.384 2.408 2.428 2.452 1.842 1.842 1.846
 1.846 1.856 1.862 1.864 1.88  1.882 1.772 1.772 1.758 1.888 1.892 1.892
 1.884 1.884 1.88  1.884 1.884   inf 3.124 3.124 2.512 2.496 2.484 2.48
 2.504 2.516 2.496 2.484 2.48  2.484   inf 3.844 3.844 3.888 3.924 2.612
 2.612 2.608   inf 2.436 2.436   inf 2.472 2.472 2.492 2.492   inf   inf
   inf   inf 2.568 2.568 2.568 2.568 2.576 3.484 3.484 3.72  3.72  3.708
 3.7   3.688 3.676 3.68  3.664 3.668 3.676 3.656 3.648 3.656 3.652 3.644
 3.604 3.608 3.6   3.6   3.6   3.608 3.596 3.604 3.616 3.604 3.604 3.608
 3.612 3.608 3.576 3.6   3.604 3.572 3.576 3.58  3.588 3.592 3.604   inf
   inf   inf   inf 2.364 2.364 2.376 2.392   inf   inf   inf   inf 2.12
 2.12  2.124 2.124 2.14  2.156 2.18  2.168 2.168 2.116 2.096 2.088 2.072
 2.04  2.026 2.002 1.994 1.992 2.002 2.002 1.992 1.972 1.96  2.156   inf
 2.124 2.124 2.092 4.088 4.168 4.168   inf   inf   inf   inf 1.882 1.882
   inf 1.914 1.914   inf   inf 1.43  1.43  1.448 0.126 1.454 0.125 1.484
 1.49  1.482 1.482   inf   inf   inf 1.528 1.528 1.528 1.528 1.528 1.53
 1.53    inf   inf   inf   inf   inf   inf   inf 2.432 2.432 2.444 2.444
 2.456 2.464 5.392   inf   inf 1.01  1.01    inf 1.012 1.012 1.02  1.026
 1.03  1.036 1.034 1.032 1.028 1.032   inf   inf   inf 1.05  1.05  1.062
 1.064 1.064 1.066 1.066 1.068 2.484 2.484 2.472 2.464 2.456 2.456   inf
 5.32  5.32  5.312 5.296 5.256 5.256 5.264 5.224 5.2   5.192 5.176   inf
   inf 1.026 1.026 1.02  1.02  1.028 1.044 1.07  1.098 1.204   inf   inf
   inf   inf   inf   inf   inf   inf   inf 1.108 1.108   inf   inf   inf
 1.732 1.732   inf 1.734 1.734   inf 4.848 4.848 4.816 4.824 4.84  4.84
 4.816 4.816 4.824 4.84  4.816 4.744   inf 4.824 4.824 4.856 4.344 4.352
 4.352   inf   inf   inf   inf   inf   inf   inf   inf   inf   inf   inf
   inf   inf 0.862 0.862 0.856 0.848 0.838 0.83  0.826 0.834 0.9   0.9
 0.904   inf   inf   inf   inf 2.312 2.312 2.312 2.312 2.316 2.328 2.32
 2.324 2.324 2.328 2.328 2.332 2.328   inf   inf   inf   inf   inf   inf
   inf   inf   inf 2.36  2.36  2.336 2.312 2.288 2.248 2.232 2.18  2.156
 2.14  2.128 2.28  2.28  2.236 2.22  2.208 2.74  2.74    inf   inf   inf
   inf   inf   inf 1.198 1.198 1.194 1.2   1.212 1.216   inf   inf   inf
   inf   inf   inf   inf   inf   inf   inf   inf   inf   inf   inf   inf
   inf   inf   inf   inf   inf   inf   inf   inf   inf   inf   inf 6.184
 6.184 6.2   6.2   3.272 3.272 3.272 3.272 1.812 1.812 1.81  1.81  1.81
 1.804 1.802 3.004 3.004 2.972 2.972 2.344 2.344 2.348 2.356   inf   inf
   inf   inf   inf 3.292 3.292   inf 3.296 3.296 5.656 5.656   inf   inf
   inf   inf   inf   inf   inf   inf   inf   inf   inf   inf   inf   inf
   inf   inf   inf   inf   inf   inf   inf   inf   inf   inf   inf   inf
   inf 5.456 5.456 5.48  5.48  5.464 5.448 5.456 5.456 5.472 5.488 5.48
 5.52  5.536   inf   inf   inf   inf   inf   inf 4.296 4.296 4.264 4.264
 4.264 5.6   5.6   5.64  5.64  5.64  5.64  5.672 5.672 5.68  5.704 5.72
 5.744 5.752 5.76  5.736   inf   inf   inf   inf   inf 4.928 4.928 3.084
 3.084 3.08  4.368 4.288 4.288 4.216 4.16  4.112 4.004 3.952 2.388   inf
 2.388 2.388 3.712 3.712 3.728   inf   inf   inf   inf   inf   inf   inf
   inf 2.904 2.904 2.924 2.924 1.922 1.922 1.912 1.912 1.918 2.764 2.764
 2.716 2.7   2.68  2.64  2.616 2.6   2.572 2.556 2.532 2.492 2.484 2.476
 2.444 2.424 2.392 2.384 2.372 2.34  2.32  2.3   2.288 2.276 2.252 2.24
 2.216 2.192   inf   inf   inf   inf   inf   inf   inf   inf   inf 2.072
 2.072 2.06  2.044 2.036 2.02  2.014 2.008 1.994 1.986 1.978 1.964 1.96 ] [-3.12413931 -3.1154248  -3.10671029 -3.09799578 -3.08928127 -3.08056676
 -3.07185225 -3.06313774 -3.05442324 -3.04570873 -3.03699422 -3.02827971
 -3.0195652  -3.01085069 -3.00213618 -2.99342167 -2.98470716 -2.97599265
 -2.96727814 -2.95856363 -2.94984912 -2.94113462 -2.93242011 -2.9237056
 -2.91499109 -2.90627658 -2.89756207 -2.88884756 -2.88013305 -2.87141854
 -2.86270403 -2.85398952 -2.84527501 -2.83656051 -2.827846   -2.81913149
 -2.81041698 -2.80170247 -2.79298796 -2.78427345 -2.77555894 -2.76684443
 -2.75812992 -2.74941541 -2.7407009  -2.7319864  -2.72327189 -2.71455738
 -2.70584287 -2.69712836 -2.68841385 -2.67969934 -2.67098483 -2.66227032
 -2.65355581 -2.6448413  -2.63612679 -2.62741228 -2.61869778 -2.60998327
 -2.60126876 -2.59255425 -2.58383974 -2.57512523 -2.56641072 -2.55769621
 -2.5489817  -2.54026719 -2.53155268 -2.52283817 -2.51412367 -2.50540916
 -2.49669465 -2.48798014 -2.47926563 -2.47055112 -2.46183661 -2.4531221
 -2.44440759 -2.43569308 -2.42697857 -2.41826406 -2.40954955 -2.40083505
 -2.39212054 -2.38340603 -2.37469152 -2.36597701 -2.3572625  -2.34854799
 -2.33983348 -2.33111897 -2.32240446 -2.31368995 -2.30497544 -2.29626094
 -2.28754643 -2.27883192 -2.27011741 -2.2614029  -2.25268839 -2.24397388
 -2.23525937 -2.22654486 -2.21783035 -2.20911584 -2.20040133 -2.19168682
 -2.18297232 -2.17425781 -2.1655433  -2.15682879 -2.14811428 -2.13939977
 -2.13068526 -2.12197075 -2.11325624 -2.10454173 -2.09582722 -2.08711271
 -2.07839821 -2.0696837  -2.06096919 -2.05225468 -2.04354017 -2.03482566
 -2.02611115 -2.01739664 -2.00868213 -1.99996762 -1.99125311 -1.9825386
 -1.97382409 -1.96510959 -1.95639508 -1.94768057 -1.93896606 -1.93025155
 -1.92153704 -1.91282253 -1.90410802 -1.89539351 -1.886679   -1.87796449
 -1.86924998 -1.86053548 -1.85182097 -1.84310646 -1.83439195 -1.82567744
 -1.81696293 -1.80824842 -1.79953391 -1.7908194  -1.78210489 -1.77339038
 -1.76467587 -1.75596137 -1.74724686 -1.73853235 -1.72981784 -1.72110333
 -1.71238882 -1.70367431 -1.6949598  -1.68624529 -1.67753078 -1.66881627
 -1.66010176 -1.65138725 -1.64267275 -1.63395824 -1.62524373 -1.61652922
 -1.60781471 -1.5991002  -1.59038569 -1.58167118 -1.57295667 -1.56424216
 -1.55552765 -1.54681314 -1.53809864 -1.52938413 -1.52066962 -1.51195511
 -1.5032406  -1.49452609 -1.48581158 -1.47709707 -1.46838256 -1.45966805
 -1.45095354 -1.44223903 -1.43352452 -1.42481002 -1.41609551 -1.407381
 -1.39866649 -1.38995198 -1.38123747 -1.37252296 -1.36380845 -1.35509394
 -1.34637943 -1.33766492 -1.32895041 -1.32023591 -1.3115214  -1.30280689
 -1.29409238 -1.28537787 -1.27666336 -1.26794885 -1.25923434 -1.25051983
 -1.24180532 -1.23309081 -1.2243763  -1.21566179 -1.20694729 -1.19823278
 -1.18951827 -1.18080376 -1.17208925 -1.16337474 -1.15466023 -1.14594572
 -1.13723121 -1.1285167  -1.11980219 -1.11108768 -1.10237318 -1.09365867
 -1.08494416 -1.07622965 -1.06751514 -1.05880063 -1.05008612 -1.04137161
 -1.0326571  -1.02394259 -1.01522808 -1.00651357 -0.99779906 -0.98908456
 -0.98037005 -0.97165554 -0.96294103 -0.95422652 -0.94551201 -0.9367975
 -0.92808299 -0.91936848 -0.91065397 -0.90193946 -0.89322495 -0.88451045
 -0.87579594 -0.86708143 -0.85836692 -0.84965241 -0.8409379  -0.83222339
 -0.82350888 -0.81479437 -0.80607986 -0.79736535 -0.78865084 -0.77993634
 -0.77122183 -0.76250732 -0.75379281 -0.7450783  -0.73636379 -0.72764928
 -0.71893477 -0.71022026 -0.70150575 -0.69279124 -0.68407673 -0.67536222
 -0.66664772 -0.65793321 -0.6492187  -0.64050419 -0.63178968 -0.62307517
 -0.61436066 -0.60564615 -0.59693164 -0.58821713 -0.57950262 -0.57078811
 -0.56207361 -0.5533591  -0.54464459 -0.53593008 -0.52721557 -0.51850106
 -0.50978655 -0.50107204 -0.49235753 -0.48364302 -0.47492851 -0.466214
 -0.45749949 -0.44878499 -0.44007048 -0.43135597 -0.42264146 -0.41392695
 -0.40521244 -0.39649793 -0.38778342 -0.37906891 -0.3703544  -0.36163989
 -0.35292538 -0.34421088 -0.33549637 -0.32678186 -0.31806735 -0.30935284
 -0.30063833 -0.29192382 -0.28320931 -0.2744948  -0.26578029 -0.25706578
 -0.24835127 -0.23963676 -0.23092226 -0.22220775 -0.21349324 -0.20477873
 -0.19606422 -0.18734971 -0.1786352  -0.16992069 -0.16120618 -0.15249167
 -0.14377716 -0.13506265 -0.12634815 -0.11763364 -0.10891913 -0.10020462
 -0.09149011 -0.0827756  -0.07406109 -0.06534658 -0.05663207 -0.04791756
 -0.03920305 -0.03048854 -0.02177403 -0.01305953 -0.00434502  0.00436949
  0.013084    0.02179851  0.03051302  0.03922753  0.04794204  0.05665655
  0.06537106  0.07408557  0.08280008  0.09151458  0.10022909  0.1089436
  0.11765811  0.12637262  0.13508713  0.14380164  0.15251615  0.16123066
  0.16994517  0.17865968  0.18737419  0.19608869  0.2048032   0.21351771
  0.22223222  0.23094673  0.23966124  0.24837575  0.25709026  0.26580477
  0.27451928  0.28323379  0.2919483   0.30066281  0.30937731  0.31809182
  0.32680633  0.33552084  0.34423535  0.35294986  0.36166437  0.37037888
  0.37909339  0.3878079   0.39652241  0.40523692  0.41395142  0.42266593
  0.43138044  0.44009495  0.44880946  0.45752397  0.46623848  0.47495299
  0.4836675   0.49238201  0.50109652  0.50981103  0.51852554  0.52724004
  0.53595455  0.54466906  0.55338357  0.56209808  0.57081259  0.5795271
  0.58824161  0.59695612  0.60567063  0.61438514  0.62309965  0.63181415
  0.64052866  0.64924317  0.65795768  0.66667219  0.6753867   0.68410121
  0.69281572  0.70153023  0.71024474  0.71895925  0.72767376  0.73638827
  0.74510277  0.75381728  0.76253179  0.7712463   0.77996081  0.78867532
  0.79738983  0.80610434  0.81481885  0.82353336  0.83224787  0.84096238
  0.84967688  0.85839139  0.8671059   0.87582041  0.88453492  0.89324943
  0.90196394  0.91067845  0.91939296  0.92810747  0.93682198  0.94553649
  0.954251    0.9629655   0.97168001  0.98039452  0.98910903  0.99782354
  1.00653805  1.01525256  1.02396707  1.03268158  1.04139609  1.0501106
  1.05882511  1.06753961  1.07625412  1.08496863  1.09368314  1.10239765
  1.11111216  1.11982667  1.12854118  1.13725569  1.1459702   1.15468471
  1.16339922  1.17211372  1.18082823  1.18954274  1.19825725  1.20697176
  1.21568627  1.22440078  1.23311529  1.2418298   1.25054431  1.25925882
  1.26797333  1.27668784  1.28540234  1.29411685  1.30283136  1.31154587
  1.32026038  1.32897489  1.3376894   1.34640391  1.35511842  1.36383293
  1.37254744  1.38126195  1.38997645  1.39869096  1.40740547  1.41611998
  1.42483449  1.433549    1.44226351  1.45097802  1.45969253  1.46840704
  1.47712155  1.48583606  1.49455057  1.50326507  1.51197958  1.52069409
  1.5294086   1.53812311  1.54683762  1.55555213  1.56426664  1.57298115
  1.58169566  1.59041017  1.59912468  1.60783918  1.61655369  1.6252682
  1.63398271  1.64269722  1.65141173  1.66012624  1.66884075  1.67755526
  1.68626977  1.69498428  1.70369879  1.7124133   1.7211278   1.72984231
  1.73855682  1.74727133  1.75598584  1.76470035  1.77341486  1.78212937
  1.79084388  1.79955839  1.8082729   1.81698741  1.82570191  1.83441642
  1.84313093  1.85184544  1.86055995  1.86927446  1.87798897  1.88670348
  1.89541799  1.9041325   1.91284701  1.92156152  1.93027603  1.93899053
  1.94770504  1.95641955  1.96513406  1.97384857  1.98256308  1.99127759
  1.9999921   2.00870661  2.01742112  2.02613563  2.03485014  2.04356464
  2.05227915  2.06099366  2.06970817  2.07842268  2.08713719  2.0958517
  2.10456621  2.11328072  2.12199523  2.13070974  2.13942425  2.14813876
  2.15685326  2.16556777  2.17428228  2.18299679  2.1917113   2.20042581
  2.20914032  2.21785483  2.22656934  2.23528385  2.24399836  2.25271287
  2.26142737  2.27014188  2.27885639  2.2875709   2.29628541  2.30499992
  2.31371443  2.32242894  2.33114345  2.33985796  2.34857247  2.35728698
  2.36600148  2.37471599  2.3834305   2.39214501  2.40085952  2.40957403
  2.41828854  2.42700305  2.43571756  2.44443207  2.45314658  2.46186109
  2.4705756   2.4792901   2.48800461  2.49671912  2.50543363  2.51414814
  2.52286265  2.53157716  2.54029167  2.54900618  2.55772069  2.5664352
  2.57514971  2.58386421  2.59257872  2.60129323  2.61000774  2.61872225
  2.62743676  2.63615127  2.64486578  2.65358029  2.6622948   2.67100931
  2.67972382  2.68843833  2.69715283  2.70586734  2.71458185  2.72329636
  2.73201087  2.74072538  2.74943989  2.7581544   2.76686891  2.77558342
  2.78429793  2.79301244  2.80172694  2.81044145  2.81915596  2.82787047
  2.83658498  2.84529949  2.854014    2.86272851  2.87144302  2.88015753
  2.88887204  2.89758655  2.90630106  2.91501556  2.92373007  2.93244458
  2.94115909  2.9498736   2.95858811  2.96730262  2.97601713  2.98473164
  2.99344615  3.00216066  3.01087517  3.01958967  3.02830418  3.03701869
  3.0457332   3.05444771  3.06316222  3.07187673  3.08059124  3.08930575
  3.09802026  3.10673477  3.11544928  3.12416379  3.13287829  3.1415928 ]
