POINTCLOUD 1 [1.348 1.348 1.35  1.35  1.356 1.356 1.356 1.36  1.362 1.362 1.366 1.366
 1.368 1.372 1.374 1.378 1.38  1.384 1.386 1.388 1.392 1.396 1.4   1.402
 1.408 1.41  1.414 1.418 1.422 1.426 1.434 1.436 1.438 1.448 1.452 1.456
 1.462 1.464 1.47  1.48  1.486 1.49  1.496 1.5   1.52  1.538 1.562 1.586
   inf   inf   inf   inf   inf 1.53  1.53  1.56  1.602 1.614 1.622 1.636
 1.642 1.65  0.124 1.672 0.124 1.694 1.704 1.72  1.726 1.744 1.744 1.73
 1.716   inf   inf 1.298 1.298 1.282 1.282   inf   inf   inf   inf   inf
   inf 1.21  1.21  1.2   1.186   inf 1.17  1.17  1.16  1.152 1.148 1.138
 1.132 1.12  1.116 1.118 1.132 1.13  1.04  1.04  1.032 1.274 1.274 1.274
 1.276 1.276 1.272 1.27  1.39  1.39  1.416 1.436 1.448 1.448 2.696 2.7
 2.7   2.716 2.712 2.712 2.704 2.712 2.724 2.708 2.696 2.696 3.4   3.396
 3.36  3.364 3.34    inf   inf 3.404 3.404 3.38  3.38  3.388 3.416 3.436
 3.504 3.508 3.524 3.54    inf 7.032 7.032 7.072   inf 7.024 7.024 7.04
 7.04  7.048 7.048   inf   inf   inf 6.936 6.936 6.944 6.952   inf   inf
 3.728 3.728 3.7     inf 1.612 1.612 1.636 1.586 1.596 1.61  1.626 1.642
 1.672 1.688 1.706   inf 1.096 1.096 1.092 1.092 1.096 1.104 1.114 1.12
 1.122 1.12  1.118 1.112 1.074 1.072 1.076 1.16  1.16  1.162 1.166 1.168
 1.172 1.906 1.906 1.918 1.918 1.912 1.892   inf   inf 1.544 1.544 1.544
 1.544 1.544 1.548 1.546 1.442 1.442 1.456 1.48  1.504 1.514 1.51  1.51
 1.5   1.49  1.49  1.48  2.364 2.364 2.336 2.308 2.272 2.244 2.224 2.188
 2.164 2.124 2.1   2.084 2.048 2.034 2.    1.982 1.968 1.942 1.924 1.908
 1.886 1.87  1.842 1.83  1.822 1.794 1.78  1.768 1.744 1.732 1.714 1.7
 1.688 1.672 1.664 1.654 1.632 1.624 1.606 1.596 1.588 1.57  1.564 1.554
 1.54  1.534 1.52  1.514 1.514 1.534 1.55    inf   inf   inf   inf   inf
 1.38  1.38  1.394 1.41  1.41  1.406 1.396 1.392 1.388 1.38  0.126 1.372
 1.362 1.358 1.352 1.35  1.348 1.34  1.334 1.328 1.322 1.32  1.318 1.312
 1.304   inf   inf   inf   inf   inf   inf 1.3   1.3   1.286 1.276 1.272
 1.27  1.266 1.264 1.262 1.26  1.258 1.256 1.252 1.252 1.25  1.25  1.248
 1.246 1.246 1.246 1.244 1.244 1.24  1.24  1.24  1.24  1.24  1.238 1.24
 1.238 1.238 1.238 1.238 1.236 1.238 1.24  1.238 1.24  1.24  1.24  1.24
 1.242 1.242 1.102 1.102 1.096 1.092 1.088 1.074 1.048 1.04  1.044 1.048
 1.056 1.068 1.08  1.086 1.086 1.086 1.086 1.086 1.1   1.11  1.12  1.136
   inf   inf   inf   inf   inf   inf   inf 1.01  1.01    inf 1.334 1.334
 1.35  1.352 1.36  1.364 1.37  1.374 1.382 1.386 1.396 1.4   1.404 1.414
 1.42  1.426 1.436 1.442 1.448 1.458 1.462 1.468 1.484 1.49  1.5   1.506
 1.512 1.53  1.536 1.542   inf   inf   inf   inf   inf   inf   inf   inf
   inf 0.638 0.638 0.634 0.632 0.632 0.632 0.636 0.642 0.646 0.856 0.856
 0.86  0.864   inf 1.922 1.922 1.942 1.942 1.958 1.97  2.01  2.03  2.04
 2.08  2.096 2.116 2.152 2.172 2.192 2.232 2.256 2.28  2.316 2.34  2.396
 2.396   inf 1.148 1.148 1.138 1.136 1.132 1.134 1.134 1.14  1.144 1.148
 1.148 1.15  1.182   inf 2.248 2.248 2.24  2.232   inf 0.766 0.766 0.754
 0.756 0.756 0.754 0.754 0.75  0.738 0.732 0.734 0.738 0.744   inf   inf
   inf   inf   inf   inf   inf   inf   inf   inf   inf   inf   inf   inf
   inf   inf   inf   inf   inf   inf   inf   inf   inf   inf   inf 0.98
 0.98  0.982 0.984 0.986 0.988 0.996 1.    0.998 1.    1.002 1.01  1.018
 1.028   inf 2.084 2.084 2.084 2.084 2.096 2.096 2.092 2.096 2.104 2.108
 2.108 2.112 2.112 2.12  2.128 2.124 2.132 2.136 2.132 2.124   inf   inf
   inf   inf   inf   inf   inf   inf   inf   inf   inf   inf   inf   inf
   inf   inf   inf   inf   inf   inf   inf   inf   inf   inf   inf   inf
 2.72  2.72  2.688 2.656 2.628 2.596 2.536 2.508 2.488 2.44  2.412 2.352
 2.328 2.3     inf   inf   inf   inf   inf 2.136 2.136 2.12  2.096 2.072
 2.038 2.024 1.986 1.982 1.976 1.956 1.942 1.932 1.904 1.894 1.868 1.854
 1.844 1.822 1.814 1.802 0.92  0.92  0.918 0.918 0.918 0.926 0.784 0.784
 0.78  0.778 0.778 0.78  0.788 0.798 0.806 0.824 0.832 0.84  0.864 0.874
 0.876 0.882 0.922 0.94  0.96  1.004   inf   inf   inf   inf   inf   inf
 1.41  1.41  1.42  1.42  1.424 1.442 1.446 1.446 1.438 1.436 1.428 1.426
 1.422 1.416 1.412 1.408 1.404 1.402 1.4   1.392 1.388 1.386 1.382 1.382
 1.378 1.376 1.374 1.372 1.37  1.368 1.366 1.364 1.362 1.36  1.358 1.354
 1.346   inf   inf   inf   inf   inf   inf   inf   inf   inf 1.364 1.364
 1.354 1.348 1.346 1.344 1.344 1.346 1.346 1.346 1.346 1.346 1.348 1.35 ] [-3.12413931 -3.1154248  -3.10671029 -3.09799578 -3.08928127 -3.08056676
 -3.07185225 -3.06313774 -3.05442324 -3.04570873 -3.03699422 -3.02827971
 -3.0195652  -3.01085069 -3.00213618 -2.99342167 -2.98470716 -2.97599265
 -2.96727814 -2.95856363 -2.94984912 -2.94113462 -2.93242011 -2.9237056
 -2.91499109 -2.90627658 -2.89756207 -2.88884756 -2.88013305 -2.87141854
 -2.86270403 -2.85398952 -2.84527501 -2.83656051 -2.827846   -2.81913149
 -2.81041698 -2.80170247 -2.79298796 -2.78427345 -2.77555894 -2.76684443
 -2.75812992 -2.74941541 -2.7407009  -2.7319864  -2.72327189 -2.71455738
 -2.70584287 -2.69712836 -2.68841385 -2.67969934 -2.67098483 -2.66227032
 -2.65355581 -2.6448413  -2.63612679 -2.62741228 -2.61869778 -2.60998327
 -2.60126876 -2.59255425 -2.58383974 -2.57512523 -2.56641072 -2.55769621
 -2.5489817  -2.54026719 -2.53155268 -2.52283817 -2.51412367 -2.50540916
 -2.49669465 -2.48798014 -2.47926563 -2.47055112 -2.46183661 -2.4531221
 -2.44440759 -2.43569308 -2.42697857 -2.41826406 -2.40954955 -2.40083505
 -2.39212054 -2.38340603 -2.37469152 -2.36597701 -2.3572625  -2.34854799
 -2.33983348 -2.33111897 -2.32240446 -2.31368995 -2.30497544 -2.29626094
 -2.28754643 -2.27883192 -2.27011741 -2.2614029  -2.25268839 -2.24397388
 -2.23525937 -2.22654486 -2.21783035 -2.20911584 -2.20040133 -2.19168682
 -2.18297232 -2.17425781 -2.1655433  -2.15682879 -2.14811428 -2.13939977
 -2.13068526 -2.12197075 -2.11325624 -2.10454173 -2.09582722 -2.08711271
 -2.07839821 -2.0696837  -2.06096919 -2.05225468 -2.04354017 -2.03482566
 -2.02611115 -2.01739664 -2.00868213 -1.99996762 -1.99125311 -1.9825386
 -1.97382409 -1.96510959 -1.95639508 -1.94768057 -1.93896606 -1.93025155
 -1.92153704 -1.91282253 -1.90410802 -1.89539351 -1.886679   -1.87796449
 -1.86924998 -1.86053548 -1.85182097 -1.84310646 -1.83439195 -1.82567744
 -1.81696293 -1.80824842 -1.79953391 -1.7908194  -1.78210489 -1.77339038
 -1.76467587 -1.75596137 -1.74724686 -1.73853235 -1.72981784 -1.72110333
 -1.71238882 -1.70367431 -1.6949598  -1.68624529 -1.67753078 -1.66881627
 -1.66010176 -1.65138725 -1.64267275 -1.63395824 -1.62524373 -1.61652922
 -1.60781471 -1.5991002  -1.59038569 -1.58167118 -1.57295667 -1.56424216
 -1.55552765 -1.54681314 -1.53809864 -1.52938413 -1.52066962 -1.51195511
 -1.5032406  -1.49452609 -1.48581158 -1.47709707 -1.46838256 -1.45966805
 -1.45095354 -1.44223903 -1.43352452 -1.42481002 -1.41609551 -1.407381
 -1.39866649 -1.38995198 -1.38123747 -1.37252296 -1.36380845 -1.35509394
 -1.34637943 -1.33766492 -1.32895041 -1.32023591 -1.3115214  -1.30280689
 -1.29409238 -1.28537787 -1.27666336 -1.26794885 -1.25923434 -1.25051983
 -1.24180532 -1.23309081 -1.2243763  -1.21566179 -1.20694729 -1.19823278
 -1.18951827 -1.18080376 -1.17208925 -1.16337474 -1.15466023 -1.14594572
 -1.13723121 -1.1285167  -1.11980219 -1.11108768 -1.10237318 -1.09365867
 -1.08494416 -1.07622965 -1.06751514 -1.05880063 -1.05008612 -1.04137161
 -1.0326571  -1.02394259 -1.01522808 -1.00651357 -0.99779906 -0.98908456
 -0.98037005 -0.97165554 -0.96294103 -0.95422652 -0.94551201 -0.9367975
 -0.92808299 -0.91936848 -0.91065397 -0.90193946 -0.89322495 -0.88451045
 -0.87579594 -0.86708143 -0.85836692 -0.84965241 -0.8409379  -0.83222339
 -0.82350888 -0.81479437 -0.80607986 -0.79736535 -0.78865084 -0.77993634
 -0.77122183 -0.76250732 -0.75379281 -0.7450783  -0.73636379 -0.72764928
 -0.71893477 -0.71022026 -0.70150575 -0.69279124 -0.68407673 -0.67536222
 -0.66664772 -0.65793321 -0.6492187  -0.64050419 -0.63178968 -0.62307517
 -0.61436066 -0.60564615 -0.59693164 -0.58821713 -0.57950262 -0.57078811
 -0.56207361 -0.5533591  -0.54464459 -0.53593008 -0.52721557 -0.51850106
 -0.50978655 -0.50107204 -0.49235753 -0.48364302 -0.47492851 -0.466214
 -0.45749949 -0.44878499 -0.44007048 -0.43135597 -0.42264146 -0.41392695
 -0.40521244 -0.39649793 -0.38778342 -0.37906891 -0.3703544  -0.36163989
 -0.35292538 -0.34421088 -0.33549637 -0.32678186 -0.31806735 -0.30935284
 -0.30063833 -0.29192382 -0.28320931 -0.2744948  -0.26578029 -0.25706578
 -0.24835127 -0.23963676 -0.23092226 -0.22220775 -0.21349324 -0.20477873
 -0.19606422 -0.18734971 -0.1786352  -0.16992069 -0.16120618 -0.15249167
 -0.14377716 -0.13506265 -0.12634815 -0.11763364 -0.10891913 -0.10020462
 -0.09149011 -0.0827756  -0.07406109 -0.06534658 -0.05663207 -0.04791756
 -0.03920305 -0.03048854 -0.02177403 -0.01305953 -0.00434502  0.00436949
  0.013084    0.02179851  0.03051302  0.03922753  0.04794204  0.05665655
  0.06537106  0.07408557  0.08280008  0.09151458  0.10022909  0.1089436
  0.11765811  0.12637262  0.13508713  0.14380164  0.15251615  0.16123066
  0.16994517  0.17865968  0.18737419  0.19608869  0.2048032   0.21351771
  0.22223222  0.23094673  0.23966124  0.24837575  0.25709026  0.26580477
  0.27451928  0.28323379  0.2919483   0.30066281  0.30937731  0.31809182
  0.32680633  0.33552084  0.34423535  0.35294986  0.36166437  0.37037888
  0.37909339  0.3878079   0.39652241  0.40523692  0.41395142  0.42266593
  0.43138044  0.44009495  0.44880946  0.45752397  0.46623848  0.47495299
  0.4836675   0.49238201  0.50109652  0.50981103  0.51852554  0.52724004
  0.53595455  0.54466906  0.55338357  0.56209808  0.57081259  0.5795271
  0.58824161  0.59695612  0.60567063  0.61438514  0.62309965  0.63181415
  0.64052866  0.64924317  0.65795768  0.66667219  0.6753867   0.68410121
  0.69281572  0.70153023  0.71024474  0.71895925  0.72767376  0.73638827
  0.74510277  0.75381728  0.76253179  0.7712463   0.77996081  0.78867532
  0.79738983  0.80610434  0.81481885  0.82353336  0.83224787  0.84096238
  0.84967688  0.85839139  0.8671059   0.87582041  0.88453492  0.89324943
  0.90196394  0.91067845  0.91939296  0.92810747  0.93682198  0.94553649
  0.954251    0.9629655   0.97168001  0.98039452  0.98910903  0.99782354
  1.00653805  1.01525256  1.02396707  1.03268158  1.04139609  1.0501106
  1.05882511  1.06753961  1.07625412  1.08496863  1.09368314  1.10239765
  1.11111216  1.11982667  1.12854118  1.13725569  1.1459702   1.15468471
  1.16339922  1.17211372  1.18082823  1.18954274  1.19825725  1.20697176
  1.21568627  1.22440078  1.23311529  1.2418298   1.25054431  1.25925882
  1.26797333  1.27668784  1.28540234  1.29411685  1.30283136  1.31154587
  1.32026038  1.32897489  1.3376894   1.34640391  1.35511842  1.36383293
  1.37254744  1.38126195  1.38997645  1.39869096  1.40740547  1.41611998
  1.42483449  1.433549    1.44226351  1.45097802  1.45969253  1.46840704
  1.47712155  1.48583606  1.49455057  1.50326507  1.51197958  1.52069409
  1.5294086   1.53812311  1.54683762  1.55555213  1.56426664  1.57298115
  1.58169566  1.59041017  1.59912468  1.60783918  1.61655369  1.6252682
  1.63398271  1.64269722  1.65141173  1.66012624  1.66884075  1.67755526
  1.68626977  1.69498428  1.70369879  1.7124133   1.7211278   1.72984231
  1.73855682  1.74727133  1.75598584  1.76470035  1.77341486  1.78212937
  1.79084388  1.79955839  1.8082729   1.81698741  1.82570191  1.83441642
  1.84313093  1.85184544  1.86055995  1.86927446  1.87798897  1.88670348
  1.89541799  1.9041325   1.91284701  1.92156152  1.93027603  1.93899053
  1.94770504  1.95641955  1.96513406  1.97384857  1.98256308  1.99127759
  1.9999921   2.00870661  2.01742112  2.02613563  2.03485014  2.04356464
  2.05227915  2.06099366  2.06970817  2.07842268  2.08713719  2.0958517
  2.10456621  2.11328072  2.12199523  2.13070974  2.13942425  2.14813876
  2.15685326  2.16556777  2.17428228  2.18299679  2.1917113   2.20042581
  2.20914032  2.21785483  2.22656934  2.23528385  2.24399836  2.25271287
  2.26142737  2.27014188  2.27885639  2.2875709   2.29628541  2.30499992
  2.31371443  2.32242894  2.33114345  2.33985796  2.34857247  2.35728698
  2.36600148  2.37471599  2.3834305   2.39214501  2.40085952  2.40957403
  2.41828854  2.42700305  2.43571756  2.44443207  2.45314658  2.46186109
  2.4705756   2.4792901   2.48800461  2.49671912  2.50543363  2.51414814
  2.52286265  2.53157716  2.54029167  2.54900618  2.55772069  2.5664352
  2.57514971  2.58386421  2.59257872  2.60129323  2.61000774  2.61872225
  2.62743676  2.63615127  2.64486578  2.65358029  2.6622948   2.67100931
  2.67972382  2.68843833  2.69715283  2.70586734  2.71458185  2.72329636
  2.73201087  2.74072538  2.74943989  2.7581544   2.76686891  2.77558342
  2.78429793  2.79301244  2.80172694  2.81044145  2.81915596  2.82787047
  2.83658498  2.84529949  2.854014    2.86272851  2.87144302  2.88015753
  2.88887204  2.89758655  2.90630106  2.91501556  2.92373007  2.93244458
  2.94115909  2.9498736   2.95858811  2.96730262  2.97601713  2.98473164
  2.99344615  3.00216066  3.01087517  3.01958967  3.02830418  3.03701869
  3.0457332   3.05444771  3.06316222  3.07187673  3.08059124  3.08930575
  3.09802026  3.10673477  3.11544928  3.12416379  3.13287829  3.1415928 ]
POINTCLOUD 2 [1.35  1.35  1.352 1.352 1.354 1.356 1.358 1.36  1.362 1.364 1.366 1.37
 1.374 1.376 1.378 1.378 1.384 1.384 1.388 1.39  1.392 1.402 1.4   1.402
 1.412 1.412 1.414 1.422 1.428 1.43  1.434 1.438 1.442 1.448 1.454 1.46
 1.464 1.468 1.482 1.488 1.49  1.496 1.498 1.506 1.52  1.534 1.558 1.606
   inf   inf   inf 1.528 1.528 1.552 1.552 1.576 1.598 1.614 1.632 1.636
 1.644 0.126 1.664 1.674 1.686 1.7   1.71  1.73  1.718 1.706   inf   inf
   inf 1.284 1.284 1.274 1.256 1.246 1.23    inf   inf   inf   inf   inf
 1.152 1.152 1.154 1.154 1.146 1.132 1.128 1.122 1.112 1.106 1.094 1.092
 1.092 1.106 1.1   1.01  1.01  1.246 1.246 1.246 1.246 1.246 1.248 1.246
 1.244 1.248   inf 1.378 1.378 1.4   1.41    inf 2.656 2.656 2.672 2.676
 2.684 2.684 2.684 2.684 2.668 2.668 2.672 2.68  3.348 3.332 3.332 3.324
 3.324   inf   inf   inf 3.412 3.412 3.36  3.352 3.372 3.372 3.408 3.428
 3.444 3.484 3.52  3.52  7.04  7.08  7.08  7.088 6.944 6.944 6.944 6.944
 7.016 7.016   inf   inf   inf 6.944 6.944 6.912 6.904   inf   inf 3.672
 3.672 3.664 3.64  1.578 1.586 1.586 1.552 1.552 1.552 1.586 1.598 1.614
 1.644 1.662 1.676 1.162 1.162 1.062 1.062 1.06  1.062 1.07  1.082 1.088
 1.09  1.086 1.082 1.066 1.044 1.044 1.042 1.122 1.128 1.128 1.13  1.132
 1.136 1.88  1.88  1.89  1.888 1.878 1.862 1.838   inf   inf 1.514 1.514
 1.512 1.51  1.508 1.512 1.504 1.412 1.412 1.48  1.48  1.484 1.48  1.482
 1.48  1.464 1.462 1.46  1.452 2.308 2.296 2.296 2.268 2.224 2.208 2.16
 2.148 2.132 2.088 2.068 2.034 2.024 2.    1.962 1.952 1.936 1.908 1.888
 1.86  1.848 1.838 1.814 1.8   1.788 1.768 1.758 1.73  1.724 1.714 1.694
 1.682 1.674 1.654 1.642 1.624 1.614 1.604 1.584 1.578 1.572 1.558 1.548
 1.54  1.526 1.52  1.504 1.51  1.52  1.544   inf   inf   inf   inf 1.374
 1.374 1.378 1.388 1.4   1.408 1.398 1.394 0.128 1.384 1.382 0.125 0.125
 1.358 1.354 1.35  1.346 1.34  1.336 1.328 1.324 1.322 1.316 1.312 1.308
 1.292 1.274   inf   inf   inf   inf   inf   inf 1.29  1.29  1.27  1.27
 1.268 1.264 1.262 1.262 1.258 1.256 1.256 1.252 1.252 1.25  1.25  1.248
 1.246 1.246 1.244 1.242 1.242 1.242 1.24  1.238 1.238 1.238 1.238 1.236
 1.236 1.236 1.236 1.236 1.236 1.238 1.238 1.238 1.24  1.24  1.24  1.24
 1.242 1.242 1.244 1.244 1.246 1.128 1.112 1.104 1.096 1.092 1.088 1.044
 1.042 1.052 1.056 1.058 1.08  1.09  1.088 1.094 1.102 1.112 1.122   inf
   inf   inf   inf   inf   inf   inf 1.03  1.03  1.036 1.042 1.048 1.054
 1.358 1.358 1.358 1.364 1.368 1.378 1.386 1.388 1.396 1.4   1.408 1.414
 1.418 1.428 1.432 1.442 1.45  1.456 1.464 1.472 1.48  1.49  1.502 1.51
 1.518 1.53  1.538 1.544 1.558 1.56  1.554   inf   inf   inf   inf   inf
 0.664 0.664 0.66  0.66  0.656 0.652 0.652 0.654 0.654 0.654 0.656 0.66
 0.666   inf 0.886 0.886 0.892   inf   inf 1.974 1.974 2.01  2.026 2.04
 2.088 2.104 2.124 2.168 2.188 2.22  2.24  2.264 2.288 2.332 2.364 2.408
 2.424 2.424 2.416   inf 1.172 1.172 1.164 1.162 1.162 1.164 1.168 1.172
 1.174 1.178 1.178 1.204 2.264 2.264 2.252 2.248 2.248   inf 0.79  0.79
 0.786 0.786 0.788 0.786 0.786 0.782 0.776 0.77  0.77  0.776 0.782   inf
   inf   inf   inf   inf   inf   inf   inf   inf   inf   inf   inf   inf
   inf   inf   inf   inf   inf   inf   inf   inf   inf   inf 1.012 1.012
 1.014 1.014 1.016 1.018 1.022 1.03  1.03  1.032 1.034 1.036 1.042 1.06
   inf 2.108 2.108 2.112 2.112 2.112 2.12  2.124 2.128 2.132 2.128 2.14
 2.152 2.148 2.144 2.156 2.16  2.16  2.168 2.172 2.16  2.152   inf   inf
   inf   inf   inf   inf   inf   inf   inf   inf   inf   inf   inf   inf
   inf   inf   inf   inf   inf   inf   inf   inf   inf   inf   inf 2.72
 2.72  2.688 2.688 2.656 2.596 2.568 2.54  2.484 2.46  2.408 2.384 2.36
 2.3   2.28    inf   inf   inf   inf   inf 2.152 2.152 2.12  2.1   2.056
 2.036 2.008 2.    1.986 1.966 1.956 1.942 1.914 1.904 1.892 1.868 1.856
 0.944 0.938 0.938 0.936 0.938 0.938 0.802   inf 0.8   0.8   0.8   0.8
 0.804 0.82  0.828 0.836 0.852 0.862 0.872 0.892 0.896 0.9   0.916 0.946
 0.956 0.968 1.002 1.024 1.044   inf   inf   inf   inf   inf   inf   inf
 1.41  1.41  1.418 1.418 1.434 1.44  1.444 1.44  1.436 1.432 1.426 1.424
 1.42  1.416 1.412 1.406 1.404 1.402 1.396 1.394 1.39  1.386 1.382 1.382
 1.38  1.376 1.376 1.372 1.37  1.368 1.366 1.364 1.366 1.36  1.35  1.354
 1.35    inf   inf   inf   inf   inf   inf   inf   inf   inf 1.364 1.364
 1.356 1.35  1.346 1.346 1.346 1.346 1.346 1.346 1.346 1.348 1.348 1.348] [-3.12413931 -3.1154248  -3.10671029 -3.09799578 -3.08928127 -3.08056676
 -3.07185225 -3.06313774 -3.05442324 -3.04570873 -3.03699422 -3.02827971
 -3.0195652  -3.01085069 -3.00213618 -2.99342167 -2.98470716 -2.97599265
 -2.96727814 -2.95856363 -2.94984912 -2.94113462 -2.93242011 -2.9237056
 -2.91499109 -2.90627658 -2.89756207 -2.88884756 -2.88013305 -2.87141854
 -2.86270403 -2.85398952 -2.84527501 -2.83656051 -2.827846   -2.81913149
 -2.81041698 -2.80170247 -2.79298796 -2.78427345 -2.77555894 -2.76684443
 -2.75812992 -2.74941541 -2.7407009  -2.7319864  -2.72327189 -2.71455738
 -2.70584287 -2.69712836 -2.68841385 -2.67969934 -2.67098483 -2.66227032
 -2.65355581 -2.6448413  -2.63612679 -2.62741228 -2.61869778 -2.60998327
 -2.60126876 -2.59255425 -2.58383974 -2.57512523 -2.56641072 -2.55769621
 -2.5489817  -2.54026719 -2.53155268 -2.52283817 -2.51412367 -2.50540916
 -2.49669465 -2.48798014 -2.47926563 -2.47055112 -2.46183661 -2.4531221
 -2.44440759 -2.43569308 -2.42697857 -2.41826406 -2.40954955 -2.40083505
 -2.39212054 -2.38340603 -2.37469152 -2.36597701 -2.3572625  -2.34854799
 -2.33983348 -2.33111897 -2.32240446 -2.31368995 -2.30497544 -2.29626094
 -2.28754643 -2.27883192 -2.27011741 -2.2614029  -2.25268839 -2.24397388
 -2.23525937 -2.22654486 -2.21783035 -2.20911584 -2.20040133 -2.19168682
 -2.18297232 -2.17425781 -2.1655433  -2.15682879 -2.14811428 -2.13939977
 -2.13068526 -2.12197075 -2.11325624 -2.10454173 -2.09582722 -2.08711271
 -2.07839821 -2.0696837  -2.06096919 -2.05225468 -2.04354017 -2.03482566
 -2.02611115 -2.01739664 -2.00868213 -1.99996762 -1.99125311 -1.9825386
 -1.97382409 -1.96510959 -1.95639508 -1.94768057 -1.93896606 -1.93025155
 -1.92153704 -1.91282253 -1.90410802 -1.89539351 -1.886679   -1.87796449
 -1.86924998 -1.86053548 -1.85182097 -1.84310646 -1.83439195 -1.82567744
 -1.81696293 -1.80824842 -1.79953391 -1.7908194  -1.78210489 -1.77339038
 -1.76467587 -1.75596137 -1.74724686 -1.73853235 -1.72981784 -1.72110333
 -1.71238882 -1.70367431 -1.6949598  -1.68624529 -1.67753078 -1.66881627
 -1.66010176 -1.65138725 -1.64267275 -1.63395824 -1.62524373 -1.61652922
 -1.60781471 -1.5991002  -1.59038569 -1.58167118 -1.57295667 -1.56424216
 -1.55552765 -1.54681314 -1.53809864 -1.52938413 -1.52066962 -1.51195511
 -1.5032406  -1.49452609 -1.48581158 -1.47709707 -1.46838256 -1.45966805
 -1.45095354 -1.44223903 -1.43352452 -1.42481002 -1.41609551 -1.407381
 -1.39866649 -1.38995198 -1.38123747 -1.37252296 -1.36380845 -1.35509394
 -1.34637943 -1.33766492 -1.32895041 -1.32023591 -1.3115214  -1.30280689
 -1.29409238 -1.28537787 -1.27666336 -1.26794885 -1.25923434 -1.25051983
 -1.24180532 -1.23309081 -1.2243763  -1.21566179 -1.20694729 -1.19823278
 -1.18951827 -1.18080376 -1.17208925 -1.16337474 -1.15466023 -1.14594572
 -1.13723121 -1.1285167  -1.11980219 -1.11108768 -1.10237318 -1.09365867
 -1.08494416 -1.07622965 -1.06751514 -1.05880063 -1.05008612 -1.04137161
 -1.0326571  -1.02394259 -1.01522808 -1.00651357 -0.99779906 -0.98908456
 -0.98037005 -0.97165554 -0.96294103 -0.95422652 -0.94551201 -0.9367975
 -0.92808299 -0.91936848 -0.91065397 -0.90193946 -0.89322495 -0.88451045
 -0.87579594 -0.86708143 -0.85836692 -0.84965241 -0.8409379  -0.83222339
 -0.82350888 -0.81479437 -0.80607986 -0.79736535 -0.78865084 -0.77993634
 -0.77122183 -0.76250732 -0.75379281 -0.7450783  -0.73636379 -0.72764928
 -0.71893477 -0.71022026 -0.70150575 -0.69279124 -0.68407673 -0.67536222
 -0.66664772 -0.65793321 -0.6492187  -0.64050419 -0.63178968 -0.62307517
 -0.61436066 -0.60564615 -0.59693164 -0.58821713 -0.57950262 -0.57078811
 -0.56207361 -0.5533591  -0.54464459 -0.53593008 -0.52721557 -0.51850106
 -0.50978655 -0.50107204 -0.49235753 -0.48364302 -0.47492851 -0.466214
 -0.45749949 -0.44878499 -0.44007048 -0.43135597 -0.42264146 -0.41392695
 -0.40521244 -0.39649793 -0.38778342 -0.37906891 -0.3703544  -0.36163989
 -0.35292538 -0.34421088 -0.33549637 -0.32678186 -0.31806735 -0.30935284
 -0.30063833 -0.29192382 -0.28320931 -0.2744948  -0.26578029 -0.25706578
 -0.24835127 -0.23963676 -0.23092226 -0.22220775 -0.21349324 -0.20477873
 -0.19606422 -0.18734971 -0.1786352  -0.16992069 -0.16120618 -0.15249167
 -0.14377716 -0.13506265 -0.12634815 -0.11763364 -0.10891913 -0.10020462
 -0.09149011 -0.0827756  -0.07406109 -0.06534658 -0.05663207 -0.04791756
 -0.03920305 -0.03048854 -0.02177403 -0.01305953 -0.00434502  0.00436949
  0.013084    0.02179851  0.03051302  0.03922753  0.04794204  0.05665655
  0.06537106  0.07408557  0.08280008  0.09151458  0.10022909  0.1089436
  0.11765811  0.12637262  0.13508713  0.14380164  0.15251615  0.16123066
  0.16994517  0.17865968  0.18737419  0.19608869  0.2048032   0.21351771
  0.22223222  0.23094673  0.23966124  0.24837575  0.25709026  0.26580477
  0.27451928  0.28323379  0.2919483   0.30066281  0.30937731  0.31809182
  0.32680633  0.33552084  0.34423535  0.35294986  0.36166437  0.37037888
  0.37909339  0.3878079   0.39652241  0.40523692  0.41395142  0.42266593
  0.43138044  0.44009495  0.44880946  0.45752397  0.46623848  0.47495299
  0.4836675   0.49238201  0.50109652  0.50981103  0.51852554  0.52724004
  0.53595455  0.54466906  0.55338357  0.56209808  0.57081259  0.5795271
  0.58824161  0.59695612  0.60567063  0.61438514  0.62309965  0.63181415
  0.64052866  0.64924317  0.65795768  0.66667219  0.6753867   0.68410121
  0.69281572  0.70153023  0.71024474  0.71895925  0.72767376  0.73638827
  0.74510277  0.75381728  0.76253179  0.7712463   0.77996081  0.78867532
  0.79738983  0.80610434  0.81481885  0.82353336  0.83224787  0.84096238
  0.84967688  0.85839139  0.8671059   0.87582041  0.88453492  0.89324943
  0.90196394  0.91067845  0.91939296  0.92810747  0.93682198  0.94553649
  0.954251    0.9629655   0.97168001  0.98039452  0.98910903  0.99782354
  1.00653805  1.01525256  1.02396707  1.03268158  1.04139609  1.0501106
  1.05882511  1.06753961  1.07625412  1.08496863  1.09368314  1.10239765
  1.11111216  1.11982667  1.12854118  1.13725569  1.1459702   1.15468471
  1.16339922  1.17211372  1.18082823  1.18954274  1.19825725  1.20697176
  1.21568627  1.22440078  1.23311529  1.2418298   1.25054431  1.25925882
  1.26797333  1.27668784  1.28540234  1.29411685  1.30283136  1.31154587
  1.32026038  1.32897489  1.3376894   1.34640391  1.35511842  1.36383293
  1.37254744  1.38126195  1.38997645  1.39869096  1.40740547  1.41611998
  1.42483449  1.433549    1.44226351  1.45097802  1.45969253  1.46840704
  1.47712155  1.48583606  1.49455057  1.50326507  1.51197958  1.52069409
  1.5294086   1.53812311  1.54683762  1.55555213  1.56426664  1.57298115
  1.58169566  1.59041017  1.59912468  1.60783918  1.61655369  1.6252682
  1.63398271  1.64269722  1.65141173  1.66012624  1.66884075  1.67755526
  1.68626977  1.69498428  1.70369879  1.7124133   1.7211278   1.72984231
  1.73855682  1.74727133  1.75598584  1.76470035  1.77341486  1.78212937
  1.79084388  1.79955839  1.8082729   1.81698741  1.82570191  1.83441642
  1.84313093  1.85184544  1.86055995  1.86927446  1.87798897  1.88670348
  1.89541799  1.9041325   1.91284701  1.92156152  1.93027603  1.93899053
  1.94770504  1.95641955  1.96513406  1.97384857  1.98256308  1.99127759
  1.9999921   2.00870661  2.01742112  2.02613563  2.03485014  2.04356464
  2.05227915  2.06099366  2.06970817  2.07842268  2.08713719  2.0958517
  2.10456621  2.11328072  2.12199523  2.13070974  2.13942425  2.14813876
  2.15685326  2.16556777  2.17428228  2.18299679  2.1917113   2.20042581
  2.20914032  2.21785483  2.22656934  2.23528385  2.24399836  2.25271287
  2.26142737  2.27014188  2.27885639  2.2875709   2.29628541  2.30499992
  2.31371443  2.32242894  2.33114345  2.33985796  2.34857247  2.35728698
  2.36600148  2.37471599  2.3834305   2.39214501  2.40085952  2.40957403
  2.41828854  2.42700305  2.43571756  2.44443207  2.45314658  2.46186109
  2.4705756   2.4792901   2.48800461  2.49671912  2.50543363  2.51414814
  2.52286265  2.53157716  2.54029167  2.54900618  2.55772069  2.5664352
  2.57514971  2.58386421  2.59257872  2.60129323  2.61000774  2.61872225
  2.62743676  2.63615127  2.64486578  2.65358029  2.6622948   2.67100931
  2.67972382  2.68843833  2.69715283  2.70586734  2.71458185  2.72329636
  2.73201087  2.74072538  2.74943989  2.7581544   2.76686891  2.77558342
  2.78429793  2.79301244  2.80172694  2.81044145  2.81915596  2.82787047
  2.83658498  2.84529949  2.854014    2.86272851  2.87144302  2.88015753
  2.88887204  2.89758655  2.90630106  2.91501556  2.92373007  2.93244458
  2.94115909  2.9498736   2.95858811  2.96730262  2.97601713  2.98473164
  2.99344615  3.00216066  3.01087517  3.01958967  3.02830418  3.03701869
  3.0457332   3.05444771  3.06316222  3.07187673  3.08059124  3.08930575
  3.09802026  3.10673477  3.11544928  3.12416379  3.13287829  3.1415928 ]
POINTCLOUD 3 [1.352 1.352 1.352 1.354 1.356 1.36  1.364 1.364 1.368 1.37  1.372 1.372
 1.374 1.38  1.378 1.38  1.386 1.39  1.392 1.396 1.398 1.4   1.408 1.408
 1.412 1.416 1.418 1.42  1.428 1.43  1.44  1.442 1.446 1.452 1.456 1.458
 1.47  1.472 1.478 1.488 1.492 1.494 1.502 1.51  1.52  1.548 1.568 1.592
   inf   inf   inf   inf 1.54  1.54  1.566 1.566 1.612 1.622 1.63  1.646
 1.654 1.658 0.126 0.124 0.124 1.706 1.692 1.682   inf 1.258 1.258 1.25
 1.25  1.242 1.198 1.198 1.186 1.186 1.172   inf   inf   inf   inf   inf
   inf 1.112 1.112 1.1   1.094 1.09  1.078 1.072 1.064 1.064 1.066 1.07
 1.002 0.978 0.978 1.218 1.216 1.216 1.218 1.22  1.22  1.216 1.21  1.22
 1.322 1.344 1.344 1.364 1.372 1.382   inf 2.62  2.62  2.64  2.652 2.652
 2.652 2.648 2.648 2.644 2.644 2.648 2.644 3.316 3.312 3.312 3.308 3.276
 3.284   inf   inf 3.34  3.34  3.328 3.328 3.328 3.352 3.376 3.392 3.396
 3.424 3.456 6.992 6.992 7.048 7.048 7.064 7.008   inf 6.928 6.928 6.904
 6.904 6.808 6.808 7.008 7.008   inf 6.904 6.904 6.928   inf 3.676 3.676
 3.632 3.632 3.612 1.548 1.548 1.56  1.564 1.526 1.526 1.542 1.57  1.586
 1.602 1.634 1.65  1.666 1.126 1.126 1.028 1.024 1.026 1.032 1.036 1.046
 1.052 1.052 1.046 1.032   inf 1.008 1.008 1.012 1.096 1.094 1.094 1.096
 1.096 1.838 1.838 1.85  1.848 1.848 1.832 1.812   inf 1.902 1.902 1.482
 1.482 1.48  1.478 1.476 1.476 1.476 1.38  1.38  1.422 1.422 1.438 1.45
 1.448 1.446 1.436 1.43  1.422 1.416 2.268 2.24  2.24  2.228 2.188 2.164
 2.148 2.104 2.084 2.056 2.036 2.02  1.98  1.968 1.956 1.92  1.908 1.88
 1.866 1.854 1.824 1.81  1.798 1.778 1.77  1.74  1.732 1.722 1.704 1.69
 1.68  1.664 1.652 1.634 1.626 1.616 1.598 1.588 1.58  1.56  1.554 1.538
 1.53  1.526 1.508 1.502 1.508 1.524 1.538   inf   inf   inf   inf   inf
 1.368 1.368 1.38  1.4   1.402 1.398 1.39  1.384 1.38  1.372 0.126 1.358
 1.356 1.354 1.348 1.344 1.338 1.328 1.328 1.324 1.318 1.316 1.31  1.306
 1.298   inf   inf   inf   inf   inf   inf 1.29  1.29  1.278 1.27  1.268
 1.264 1.262 1.262 1.258 1.256 1.254 1.252 1.252 1.248 1.248 1.248 1.246
 1.244 1.244 1.242 1.24  1.24  1.238 1.238 1.236 1.236 1.236 1.236 1.236
 1.236 1.236 1.236 1.236 1.236 1.236 1.234 1.238 1.238 1.238 1.238 1.238
 1.24  1.242 1.242 1.244 1.244 1.246 1.248 1.25  1.24  1.12  1.112 1.104
 1.1   1.092 1.09  1.05  1.05  1.054 1.064 1.07  1.088 1.124 1.136 1.148
   inf   inf   inf   inf   inf 1.068 1.068 1.076 1.076 1.082 1.074 1.08
 1.08  1.08  1.074 1.072   inf 1.38  1.38  1.388 1.392 1.402 1.404 1.41
 1.422 1.426 1.432 1.444 1.45  1.456 1.466 1.472 1.48  1.492 1.498 1.504
 1.518 1.526 1.54  1.546 1.552 1.554   inf   inf   inf   inf   inf   inf
   inf   inf 0.706 0.706 0.698 0.686 0.684 0.68  0.678 0.68  0.678 0.678
 0.68  0.68  0.682 0.688 0.692 0.696 0.924 0.924   inf 2.04  2.04  2.06
 2.08  2.096 2.132 2.156 2.196 2.212 2.232 2.26  2.3   2.32  2.376 2.396
 2.428   inf 2.452 2.452 2.44  1.216 1.216 1.202 1.194 1.194 1.194 1.194
 1.2   1.208 1.208 1.208 1.232 2.292 2.292 2.292 2.284 2.268 2.264   inf
 0.824 0.824 0.822 0.822 0.824 0.822 0.82  0.818 0.814 0.818 0.826   inf
   inf   inf   inf   inf   inf   inf   inf   inf   inf   inf   inf   inf
   inf   inf   inf   inf   inf   inf   inf   inf   inf   inf   inf 1.046
 1.046 1.048 1.05  1.054 1.062 1.066 1.068 1.07  1.072 1.074 1.088 1.096
 2.152 2.152 2.156 2.156 2.156 2.16  2.164 2.164 2.168 2.168 2.164 2.176
 2.172 2.18  2.18  2.184 2.204 2.204 2.208 2.204 2.204 2.192   inf   inf
   inf   inf   inf   inf   inf   inf   inf   inf   inf   inf   inf   inf
   inf   inf   inf   inf   inf   inf   inf   inf   inf   inf   inf   inf
 2.708 2.708 2.668 2.636 2.608 2.556 2.524 2.496 2.46  2.424 2.376 2.348
 2.32    inf   inf   inf   inf   inf 2.132 2.132 2.108 2.108 2.084 2.06
 2.044 2.026 2.002 1.986 1.974 1.954 1.94  1.924 1.898   inf 0.968 0.968
 0.964 0.966 0.83  0.83  0.828 0.824 0.826 0.828 0.836 0.846 0.852 0.868
 0.874 0.884 0.892 0.918 0.916 0.92  0.944 0.962 0.97  0.994 1.006 1.018
 1.032   inf 1.574 1.574 1.594 1.608   inf   inf   inf   inf   inf   inf
 1.41  1.41  1.42  1.42  1.43  1.444 1.446 1.446 1.436 1.432 1.43  1.422
 1.42  1.416 1.412 1.41  1.406 1.402 1.4   1.394 1.392 1.39  1.384 1.384
 1.38  1.378 1.376 1.372 1.372 1.372 1.374 1.37  1.362 1.36  1.36  1.356
 1.348 1.336   inf   inf   inf   inf   inf   inf   inf   inf   inf 1.366
 1.366 1.352 1.348 1.346 1.348 1.346 1.346 1.346 1.348 1.348 1.348 1.35 ] [-3.12413931 -3.1154248  -3.10671029 -3.09799578 -3.08928127 -3.08056676
 -3.07185225 -3.06313774 -3.05442324 -3.04570873 -3.03699422 -3.02827971
 -3.0195652  -3.01085069 -3.00213618 -2.99342167 -2.98470716 -2.97599265
 -2.96727814 -2.95856363 -2.94984912 -2.94113462 -2.93242011 -2.9237056
 -2.91499109 -2.90627658 -2.89756207 -2.88884756 -2.88013305 -2.87141854
 -2.86270403 -2.85398952 -2.84527501 -2.83656051 -2.827846   -2.81913149
 -2.81041698 -2.80170247 -2.79298796 -2.78427345 -2.77555894 -2.76684443
 -2.75812992 -2.74941541 -2.7407009  -2.7319864  -2.72327189 -2.71455738
 -2.70584287 -2.69712836 -2.68841385 -2.67969934 -2.67098483 -2.66227032
 -2.65355581 -2.6448413  -2.63612679 -2.62741228 -2.61869778 -2.60998327
 -2.60126876 -2.59255425 -2.58383974 -2.57512523 -2.56641072 -2.55769621
 -2.5489817  -2.54026719 -2.53155268 -2.52283817 -2.51412367 -2.50540916
 -2.49669465 -2.48798014 -2.47926563 -2.47055112 -2.46183661 -2.4531221
 -2.44440759 -2.43569308 -2.42697857 -2.41826406 -2.40954955 -2.40083505
 -2.39212054 -2.38340603 -2.37469152 -2.36597701 -2.3572625  -2.34854799
 -2.33983348 -2.33111897 -2.32240446 -2.31368995 -2.30497544 -2.29626094
 -2.28754643 -2.27883192 -2.27011741 -2.2614029  -2.25268839 -2.24397388
 -2.23525937 -2.22654486 -2.21783035 -2.20911584 -2.20040133 -2.19168682
 -2.18297232 -2.17425781 -2.1655433  -2.15682879 -2.14811428 -2.13939977
 -2.13068526 -2.12197075 -2.11325624 -2.10454173 -2.09582722 -2.08711271
 -2.07839821 -2.0696837  -2.06096919 -2.05225468 -2.04354017 -2.03482566
 -2.02611115 -2.01739664 -2.00868213 -1.99996762 -1.99125311 -1.9825386
 -1.97382409 -1.96510959 -1.95639508 -1.94768057 -1.93896606 -1.93025155
 -1.92153704 -1.91282253 -1.90410802 -1.89539351 -1.886679   -1.87796449
 -1.86924998 -1.86053548 -1.85182097 -1.84310646 -1.83439195 -1.82567744
 -1.81696293 -1.80824842 -1.79953391 -1.7908194  -1.78210489 -1.77339038
 -1.76467587 -1.75596137 -1.74724686 -1.73853235 -1.72981784 -1.72110333
 -1.71238882 -1.70367431 -1.6949598  -1.68624529 -1.67753078 -1.66881627
 -1.66010176 -1.65138725 -1.64267275 -1.63395824 -1.62524373 -1.61652922
 -1.60781471 -1.5991002  -1.59038569 -1.58167118 -1.57295667 -1.56424216
 -1.55552765 -1.54681314 -1.53809864 -1.52938413 -1.52066962 -1.51195511
 -1.5032406  -1.49452609 -1.48581158 -1.47709707 -1.46838256 -1.45966805
 -1.45095354 -1.44223903 -1.43352452 -1.42481002 -1.41609551 -1.407381
 -1.39866649 -1.38995198 -1.38123747 -1.37252296 -1.36380845 -1.35509394
 -1.34637943 -1.33766492 -1.32895041 -1.32023591 -1.3115214  -1.30280689
 -1.29409238 -1.28537787 -1.27666336 -1.26794885 -1.25923434 -1.25051983
 -1.24180532 -1.23309081 -1.2243763  -1.21566179 -1.20694729 -1.19823278
 -1.18951827 -1.18080376 -1.17208925 -1.16337474 -1.15466023 -1.14594572
 -1.13723121 -1.1285167  -1.11980219 -1.11108768 -1.10237318 -1.09365867
 -1.08494416 -1.07622965 -1.06751514 -1.05880063 -1.05008612 -1.04137161
 -1.0326571  -1.02394259 -1.01522808 -1.00651357 -0.99779906 -0.98908456
 -0.98037005 -0.97165554 -0.96294103 -0.95422652 -0.94551201 -0.9367975
 -0.92808299 -0.91936848 -0.91065397 -0.90193946 -0.89322495 -0.88451045
 -0.87579594 -0.86708143 -0.85836692 -0.84965241 -0.8409379  -0.83222339
 -0.82350888 -0.81479437 -0.80607986 -0.79736535 -0.78865084 -0.77993634
 -0.77122183 -0.76250732 -0.75379281 -0.7450783  -0.73636379 -0.72764928
 -0.71893477 -0.71022026 -0.70150575 -0.69279124 -0.68407673 -0.67536222
 -0.66664772 -0.65793321 -0.6492187  -0.64050419 -0.63178968 -0.62307517
 -0.61436066 -0.60564615 -0.59693164 -0.58821713 -0.57950262 -0.57078811
 -0.56207361 -0.5533591  -0.54464459 -0.53593008 -0.52721557 -0.51850106
 -0.50978655 -0.50107204 -0.49235753 -0.48364302 -0.47492851 -0.466214
 -0.45749949 -0.44878499 -0.44007048 -0.43135597 -0.42264146 -0.41392695
 -0.40521244 -0.39649793 -0.38778342 -0.37906891 -0.3703544  -0.36163989
 -0.35292538 -0.34421088 -0.33549637 -0.32678186 -0.31806735 -0.30935284
 -0.30063833 -0.29192382 -0.28320931 -0.2744948  -0.26578029 -0.25706578
 -0.24835127 -0.23963676 -0.23092226 -0.22220775 -0.21349324 -0.20477873
 -0.19606422 -0.18734971 -0.1786352  -0.16992069 -0.16120618 -0.15249167
 -0.14377716 -0.13506265 -0.12634815 -0.11763364 -0.10891913 -0.10020462
 -0.09149011 -0.0827756  -0.07406109 -0.06534658 -0.05663207 -0.04791756
 -0.03920305 -0.03048854 -0.02177403 -0.01305953 -0.00434502  0.00436949
  0.013084    0.02179851  0.03051302  0.03922753  0.04794204  0.05665655
  0.06537106  0.07408557  0.08280008  0.09151458  0.10022909  0.1089436
  0.11765811  0.12637262  0.13508713  0.14380164  0.15251615  0.16123066
  0.16994517  0.17865968  0.18737419  0.19608869  0.2048032   0.21351771
  0.22223222  0.23094673  0.23966124  0.24837575  0.25709026  0.26580477
  0.27451928  0.28323379  0.2919483   0.30066281  0.30937731  0.31809182
  0.32680633  0.33552084  0.34423535  0.35294986  0.36166437  0.37037888
  0.37909339  0.3878079   0.39652241  0.40523692  0.41395142  0.42266593
  0.43138044  0.44009495  0.44880946  0.45752397  0.46623848  0.47495299
  0.4836675   0.49238201  0.50109652  0.50981103  0.51852554  0.52724004
  0.53595455  0.54466906  0.55338357  0.56209808  0.57081259  0.5795271
  0.58824161  0.59695612  0.60567063  0.61438514  0.62309965  0.63181415
  0.64052866  0.64924317  0.65795768  0.66667219  0.6753867   0.68410121
  0.69281572  0.70153023  0.71024474  0.71895925  0.72767376  0.73638827
  0.74510277  0.75381728  0.76253179  0.7712463   0.77996081  0.78867532
  0.79738983  0.80610434  0.81481885  0.82353336  0.83224787  0.84096238
  0.84967688  0.85839139  0.8671059   0.87582041  0.88453492  0.89324943
  0.90196394  0.91067845  0.91939296  0.92810747  0.93682198  0.94553649
  0.954251    0.9629655   0.97168001  0.98039452  0.98910903  0.99782354
  1.00653805  1.01525256  1.02396707  1.03268158  1.04139609  1.0501106
  1.05882511  1.06753961  1.07625412  1.08496863  1.09368314  1.10239765
  1.11111216  1.11982667  1.12854118  1.13725569  1.1459702   1.15468471
  1.16339922  1.17211372  1.18082823  1.18954274  1.19825725  1.20697176
  1.21568627  1.22440078  1.23311529  1.2418298   1.25054431  1.25925882
  1.26797333  1.27668784  1.28540234  1.29411685  1.30283136  1.31154587
  1.32026038  1.32897489  1.3376894   1.34640391  1.35511842  1.36383293
  1.37254744  1.38126195  1.38997645  1.39869096  1.40740547  1.41611998
  1.42483449  1.433549    1.44226351  1.45097802  1.45969253  1.46840704
  1.47712155  1.48583606  1.49455057  1.50326507  1.51197958  1.52069409
  1.5294086   1.53812311  1.54683762  1.55555213  1.56426664  1.57298115
  1.58169566  1.59041017  1.59912468  1.60783918  1.61655369  1.6252682
  1.63398271  1.64269722  1.65141173  1.66012624  1.66884075  1.67755526
  1.68626977  1.69498428  1.70369879  1.7124133   1.7211278   1.72984231
  1.73855682  1.74727133  1.75598584  1.76470035  1.77341486  1.78212937
  1.79084388  1.79955839  1.8082729   1.81698741  1.82570191  1.83441642
  1.84313093  1.85184544  1.86055995  1.86927446  1.87798897  1.88670348
  1.89541799  1.9041325   1.91284701  1.92156152  1.93027603  1.93899053
  1.94770504  1.95641955  1.96513406  1.97384857  1.98256308  1.99127759
  1.9999921   2.00870661  2.01742112  2.02613563  2.03485014  2.04356464
  2.05227915  2.06099366  2.06970817  2.07842268  2.08713719  2.0958517
  2.10456621  2.11328072  2.12199523  2.13070974  2.13942425  2.14813876
  2.15685326  2.16556777  2.17428228  2.18299679  2.1917113   2.20042581
  2.20914032  2.21785483  2.22656934  2.23528385  2.24399836  2.25271287
  2.26142737  2.27014188  2.27885639  2.2875709   2.29628541  2.30499992
  2.31371443  2.32242894  2.33114345  2.33985796  2.34857247  2.35728698
  2.36600148  2.37471599  2.3834305   2.39214501  2.40085952  2.40957403
  2.41828854  2.42700305  2.43571756  2.44443207  2.45314658  2.46186109
  2.4705756   2.4792901   2.48800461  2.49671912  2.50543363  2.51414814
  2.52286265  2.53157716  2.54029167  2.54900618  2.55772069  2.5664352
  2.57514971  2.58386421  2.59257872  2.60129323  2.61000774  2.61872225
  2.62743676  2.63615127  2.64486578  2.65358029  2.6622948   2.67100931
  2.67972382  2.68843833  2.69715283  2.70586734  2.71458185  2.72329636
  2.73201087  2.74072538  2.74943989  2.7581544   2.76686891  2.77558342
  2.78429793  2.79301244  2.80172694  2.81044145  2.81915596  2.82787047
  2.83658498  2.84529949  2.854014    2.86272851  2.87144302  2.88015753
  2.88887204  2.89758655  2.90630106  2.91501556  2.92373007  2.93244458
  2.94115909  2.9498736   2.95858811  2.96730262  2.97601713  2.98473164
  2.99344615  3.00216066  3.01087517  3.01958967  3.02830418  3.03701869
  3.0457332   3.05444771  3.06316222  3.07187673  3.08059124  3.08930575
  3.09802026  3.10673477  3.11544928  3.12416379  3.13287829  3.1415928 ]
POINTCLOUD 4 [1.352 1.352 1.356 1.356 1.36  1.362 1.366 1.366 1.368 1.372 1.372 1.374
 1.376 1.38  1.382 1.384 1.39  1.392 1.394 1.398 1.402 1.404 1.408 1.412
 1.416 1.418 1.418 1.422 1.43  1.434 1.442 1.444 1.448 1.452 1.462 1.464
 1.474 1.476 1.48  1.49  1.494 1.496 1.508 1.516 1.52  1.548 1.57  1.594
   inf   inf   inf   inf 1.544 1.544 1.57  1.57  1.612 1.622 1.63  1.646
 1.654 1.658 0.126 0.124 1.674   inf   inf 1.238 1.238 1.23  1.222 1.2
 1.192 1.184 1.166 1.16  1.12  1.12    inf   inf   inf   inf   inf   inf
 1.064 1.064 1.054 1.054 1.046 1.038 1.036 1.036 1.04  1.014 0.946   inf
 1.186 1.186 1.186 1.186 1.186 1.186 1.19  1.186 1.18  1.186 1.306 1.32
 1.32  1.33  1.34  1.35    inf 2.572 2.572 2.58  2.592 2.6   2.612 2.616
 2.616 2.612 2.612 2.604 2.6   2.612 3.296 3.296 3.276 3.264 3.272 3.272
   inf   inf   inf 3.28  3.28  3.268 3.268 3.28  3.344 3.352 3.352 3.388
 3.396 3.416 6.968 6.968 6.96  6.96  6.992   inf   inf 6.912 6.912 6.888
 6.888 6.904   inf 6.832 6.832   inf 6.824 6.824 6.864   inf 3.608 3.608
 3.572 3.572 1.504 1.508 1.508 1.522 1.532 1.486 1.486 1.5   1.526 1.544
 1.556 1.588 1.604 1.622   inf   inf 0.988 0.988 0.986 0.988 0.994 1.008
 1.012 1.014 1.01  1.012 1.008 0.972 0.972 0.974 0.974 1.054 1.054 1.056
 1.058   inf   inf 1.808 1.808 1.818 1.812 1.798   inf 1.864 1.864 1.872
 1.872 1.442 1.442 1.438 1.438 1.44  1.44  1.342 1.346 1.346 1.364 1.41
 1.416 1.416 1.412 1.408 1.402 1.392 1.39    inf 2.224 2.224 2.184 2.16
 2.144 2.104 2.084 2.068 2.036 2.014 1.98  1.968 1.954 1.918 1.908 1.878
 1.862 1.85  1.824 1.81  1.798 1.778 1.77  1.744 1.73  1.722 1.698 1.688
 1.678 1.658 1.648 1.632 1.624 1.614 1.592 1.588 1.58  1.562 1.554 1.534
 1.528 1.522 1.504 1.502 1.512 1.52  1.534   inf   inf   inf   inf   inf
 1.366 1.366 1.378 1.396 1.4   1.394 1.384 1.384 1.38  1.368 0.126 1.358
 1.354 1.352 1.344 1.342 1.336 1.328 1.326 1.32  1.316 1.312 1.306 1.302
 1.296   inf   inf   inf   inf   inf   inf 1.288 1.288 1.278 1.27  1.266
 1.262 1.26  1.256 1.256 1.254 1.252 1.25  1.25  1.246 1.246 1.244 1.242
 1.24  1.238 1.238 1.234 1.234 1.236 1.234 1.236 1.234 1.234 1.234 1.234
 1.234 1.234 1.234 1.234 1.232 1.232 1.234 1.236 1.236 1.236 1.238 1.238
 1.24  1.24  1.242 1.244 1.244 1.246 1.246 1.248 1.25  1.25  1.252 1.256
 1.248 1.12  1.12  1.106 1.106 1.104 1.094 1.072 1.072 1.088 1.102 1.118
   inf   inf   inf   inf   inf   inf   inf 1.076 1.076 1.088 1.11  1.118
 1.124 1.126 1.098 1.096 1.094 1.092 1.09  1.084 1.4   1.4   1.404 1.408
 1.42  1.424 1.434 1.44  1.444 1.452 1.462 1.468 1.48  1.488 1.496 1.508
 1.516 1.522 1.538 1.544 1.55  1.55    inf   inf   inf   inf   inf   inf
   inf   inf   inf   inf   inf   inf 0.728 0.728 0.72  0.714 0.708 0.706
 0.706 0.704 0.704 0.704 0.706 0.706 0.708 0.71  0.714   inf   inf   inf
 2.112 2.112 2.132 2.152 2.196 2.212 2.228 2.28  2.3   2.316 2.372 2.392
 2.42  2.484 2.48  2.48  2.464 2.456   inf 1.238 1.238 1.23  1.226 1.224
 1.226 1.232 1.232 1.234 1.244 1.25  1.268 2.32  2.32  2.324 2.328 2.3
 2.288   inf 0.858 0.858 0.854 0.858 0.858 0.86  0.866   inf   inf   inf
   inf   inf   inf   inf   inf   inf   inf   inf   inf   inf   inf   inf
   inf   inf   inf   inf   inf   inf   inf   inf   inf   inf   inf   inf
 1.084 1.084 1.088 1.092 1.1   1.104 1.106 1.108 1.108 1.112 1.126 1.136
 2.188 2.188 2.192 2.184 2.184 2.188 2.192 2.192 2.208 2.208 2.212 2.216
 2.228 2.228 2.232 2.228 2.24  2.24  2.244 2.244 2.24  2.236   inf   inf
   inf   inf   inf   inf   inf   inf   inf   inf   inf   inf   inf   inf
   inf   inf   inf   inf   inf   inf   inf   inf   inf   inf   inf   inf
 2.704 2.704 2.672 2.64  2.612 2.556 2.532 2.504 2.46  2.428 2.376 2.348
 2.32    inf   inf   inf   inf   inf 2.132 2.132 2.108 2.108 2.084 2.076
 2.044 2.032 2.006 1.99  1.974 1.954 1.    1.    0.992 0.99  0.99  0.854
 0.852 0.852 0.85  0.852 0.856 0.862 0.878 0.886 0.894 0.91  0.92  0.932
 0.94  0.944 0.95  0.968 0.992 1.002 1.014 1.038 1.05  1.06  1.578 1.574
 1.574 1.57  1.57  1.576 1.596 1.606   inf   inf   inf   inf   inf   inf
   inf 1.41  1.41  1.424 1.432 1.446 1.446 1.446 1.436 1.434 1.43  1.426
 1.426 1.422 1.414 1.412 1.41  1.406 1.402 1.394 1.39  1.39  1.386 1.384
 1.382 1.382 1.382 1.374 1.374 1.372 1.37  1.366 1.366 1.362 1.362 1.36
 1.346 1.33    inf   inf   inf   inf   inf   inf   inf   inf   inf 1.364
 1.364 1.354 1.352 1.35  1.348 1.348 1.35  1.352 1.352 1.35  1.352 1.352] [-3.12413931 -3.1154248  -3.10671029 -3.09799578 -3.08928127 -3.08056676
 -3.07185225 -3.06313774 -3.05442324 -3.04570873 -3.03699422 -3.02827971
 -3.0195652  -3.01085069 -3.00213618 -2.99342167 -2.98470716 -2.97599265
 -2.96727814 -2.95856363 -2.94984912 -2.94113462 -2.93242011 -2.9237056
 -2.91499109 -2.90627658 -2.89756207 -2.88884756 -2.88013305 -2.87141854
 -2.86270403 -2.85398952 -2.84527501 -2.83656051 -2.827846   -2.81913149
 -2.81041698 -2.80170247 -2.79298796 -2.78427345 -2.77555894 -2.76684443
 -2.75812992 -2.74941541 -2.7407009  -2.7319864  -2.72327189 -2.71455738
 -2.70584287 -2.69712836 -2.68841385 -2.67969934 -2.67098483 -2.66227032
 -2.65355581 -2.6448413  -2.63612679 -2.62741228 -2.61869778 -2.60998327
 -2.60126876 -2.59255425 -2.58383974 -2.57512523 -2.56641072 -2.55769621
 -2.5489817  -2.54026719 -2.53155268 -2.52283817 -2.51412367 -2.50540916
 -2.49669465 -2.48798014 -2.47926563 -2.47055112 -2.46183661 -2.4531221
 -2.44440759 -2.43569308 -2.42697857 -2.41826406 -2.40954955 -2.40083505
 -2.39212054 -2.38340603 -2.37469152 -2.36597701 -2.3572625  -2.34854799
 -2.33983348 -2.33111897 -2.32240446 -2.31368995 -2.30497544 -2.29626094
 -2.28754643 -2.27883192 -2.27011741 -2.2614029  -2.25268839 -2.24397388
 -2.23525937 -2.22654486 -2.21783035 -2.20911584 -2.20040133 -2.19168682
 -2.18297232 -2.17425781 -2.1655433  -2.15682879 -2.14811428 -2.13939977
 -2.13068526 -2.12197075 -2.11325624 -2.10454173 -2.09582722 -2.08711271
 -2.07839821 -2.0696837  -2.06096919 -2.05225468 -2.04354017 -2.03482566
 -2.02611115 -2.01739664 -2.00868213 -1.99996762 -1.99125311 -1.9825386
 -1.97382409 -1.96510959 -1.95639508 -1.94768057 -1.93896606 -1.93025155
 -1.92153704 -1.91282253 -1.90410802 -1.89539351 -1.886679   -1.87796449
 -1.86924998 -1.86053548 -1.85182097 -1.84310646 -1.83439195 -1.82567744
 -1.81696293 -1.80824842 -1.79953391 -1.7908194  -1.78210489 -1.77339038
 -1.76467587 -1.75596137 -1.74724686 -1.73853235 -1.72981784 -1.72110333
 -1.71238882 -1.70367431 -1.6949598  -1.68624529 -1.67753078 -1.66881627
 -1.66010176 -1.65138725 -1.64267275 -1.63395824 -1.62524373 -1.61652922
 -1.60781471 -1.5991002  -1.59038569 -1.58167118 -1.57295667 -1.56424216
 -1.55552765 -1.54681314 -1.53809864 -1.52938413 -1.52066962 -1.51195511
 -1.5032406  -1.49452609 -1.48581158 -1.47709707 -1.46838256 -1.45966805
 -1.45095354 -1.44223903 -1.43352452 -1.42481002 -1.41609551 -1.407381
 -1.39866649 -1.38995198 -1.38123747 -1.37252296 -1.36380845 -1.35509394
 -1.34637943 -1.33766492 -1.32895041 -1.32023591 -1.3115214  -1.30280689
 -1.29409238 -1.28537787 -1.27666336 -1.26794885 -1.25923434 -1.25051983
 -1.24180532 -1.23309081 -1.2243763  -1.21566179 -1.20694729 -1.19823278
 -1.18951827 -1.18080376 -1.17208925 -1.16337474 -1.15466023 -1.14594572
 -1.13723121 -1.1285167  -1.11980219 -1.11108768 -1.10237318 -1.09365867
 -1.08494416 -1.07622965 -1.06751514 -1.05880063 -1.05008612 -1.04137161
 -1.0326571  -1.02394259 -1.01522808 -1.00651357 -0.99779906 -0.98908456
 -0.98037005 -0.97165554 -0.96294103 -0.95422652 -0.94551201 -0.9367975
 -0.92808299 -0.91936848 -0.91065397 -0.90193946 -0.89322495 -0.88451045
 -0.87579594 -0.86708143 -0.85836692 -0.84965241 -0.8409379  -0.83222339
 -0.82350888 -0.81479437 -0.80607986 -0.79736535 -0.78865084 -0.77993634
 -0.77122183 -0.76250732 -0.75379281 -0.7450783  -0.73636379 -0.72764928
 -0.71893477 -0.71022026 -0.70150575 -0.69279124 -0.68407673 -0.67536222
 -0.66664772 -0.65793321 -0.6492187  -0.64050419 -0.63178968 -0.62307517
 -0.61436066 -0.60564615 -0.59693164 -0.58821713 -0.57950262 -0.57078811
 -0.56207361 -0.5533591  -0.54464459 -0.53593008 -0.52721557 -0.51850106
 -0.50978655 -0.50107204 -0.49235753 -0.48364302 -0.47492851 -0.466214
 -0.45749949 -0.44878499 -0.44007048 -0.43135597 -0.42264146 -0.41392695
 -0.40521244 -0.39649793 -0.38778342 -0.37906891 -0.3703544  -0.36163989
 -0.35292538 -0.34421088 -0.33549637 -0.32678186 -0.31806735 -0.30935284
 -0.30063833 -0.29192382 -0.28320931 -0.2744948  -0.26578029 -0.25706578
 -0.24835127 -0.23963676 -0.23092226 -0.22220775 -0.21349324 -0.20477873
 -0.19606422 -0.18734971 -0.1786352  -0.16992069 -0.16120618 -0.15249167
 -0.14377716 -0.13506265 -0.12634815 -0.11763364 -0.10891913 -0.10020462
 -0.09149011 -0.0827756  -0.07406109 -0.06534658 -0.05663207 -0.04791756
 -0.03920305 -0.03048854 -0.02177403 -0.01305953 -0.00434502  0.00436949
  0.013084    0.02179851  0.03051302  0.03922753  0.04794204  0.05665655
  0.06537106  0.07408557  0.08280008  0.09151458  0.10022909  0.1089436
  0.11765811  0.12637262  0.13508713  0.14380164  0.15251615  0.16123066
  0.16994517  0.17865968  0.18737419  0.19608869  0.2048032   0.21351771
  0.22223222  0.23094673  0.23966124  0.24837575  0.25709026  0.26580477
  0.27451928  0.28323379  0.2919483   0.30066281  0.30937731  0.31809182
  0.32680633  0.33552084  0.34423535  0.35294986  0.36166437  0.37037888
  0.37909339  0.3878079   0.39652241  0.40523692  0.41395142  0.42266593
  0.43138044  0.44009495  0.44880946  0.45752397  0.46623848  0.47495299
  0.4836675   0.49238201  0.50109652  0.50981103  0.51852554  0.52724004
  0.53595455  0.54466906  0.55338357  0.56209808  0.57081259  0.5795271
  0.58824161  0.59695612  0.60567063  0.61438514  0.62309965  0.63181415
  0.64052866  0.64924317  0.65795768  0.66667219  0.6753867   0.68410121
  0.69281572  0.70153023  0.71024474  0.71895925  0.72767376  0.73638827
  0.74510277  0.75381728  0.76253179  0.7712463   0.77996081  0.78867532
  0.79738983  0.80610434  0.81481885  0.82353336  0.83224787  0.84096238
  0.84967688  0.85839139  0.8671059   0.87582041  0.88453492  0.89324943
  0.90196394  0.91067845  0.91939296  0.92810747  0.93682198  0.94553649
  0.954251    0.9629655   0.97168001  0.98039452  0.98910903  0.99782354
  1.00653805  1.01525256  1.02396707  1.03268158  1.04139609  1.0501106
  1.05882511  1.06753961  1.07625412  1.08496863  1.09368314  1.10239765
  1.11111216  1.11982667  1.12854118  1.13725569  1.1459702   1.15468471
  1.16339922  1.17211372  1.18082823  1.18954274  1.19825725  1.20697176
  1.21568627  1.22440078  1.23311529  1.2418298   1.25054431  1.25925882
  1.26797333  1.27668784  1.28540234  1.29411685  1.30283136  1.31154587
  1.32026038  1.32897489  1.3376894   1.34640391  1.35511842  1.36383293
  1.37254744  1.38126195  1.38997645  1.39869096  1.40740547  1.41611998
  1.42483449  1.433549    1.44226351  1.45097802  1.45969253  1.46840704
  1.47712155  1.48583606  1.49455057  1.50326507  1.51197958  1.52069409
  1.5294086   1.53812311  1.54683762  1.55555213  1.56426664  1.57298115
  1.58169566  1.59041017  1.59912468  1.60783918  1.61655369  1.6252682
  1.63398271  1.64269722  1.65141173  1.66012624  1.66884075  1.67755526
  1.68626977  1.69498428  1.70369879  1.7124133   1.7211278   1.72984231
  1.73855682  1.74727133  1.75598584  1.76470035  1.77341486  1.78212937
  1.79084388  1.79955839  1.8082729   1.81698741  1.82570191  1.83441642
  1.84313093  1.85184544  1.86055995  1.86927446  1.87798897  1.88670348
  1.89541799  1.9041325   1.91284701  1.92156152  1.93027603  1.93899053
  1.94770504  1.95641955  1.96513406  1.97384857  1.98256308  1.99127759
  1.9999921   2.00870661  2.01742112  2.02613563  2.03485014  2.04356464
  2.05227915  2.06099366  2.06970817  2.07842268  2.08713719  2.0958517
  2.10456621  2.11328072  2.12199523  2.13070974  2.13942425  2.14813876
  2.15685326  2.16556777  2.17428228  2.18299679  2.1917113   2.20042581
  2.20914032  2.21785483  2.22656934  2.23528385  2.24399836  2.25271287
  2.26142737  2.27014188  2.27885639  2.2875709   2.29628541  2.30499992
  2.31371443  2.32242894  2.33114345  2.33985796  2.34857247  2.35728698
  2.36600148  2.37471599  2.3834305   2.39214501  2.40085952  2.40957403
  2.41828854  2.42700305  2.43571756  2.44443207  2.45314658  2.46186109
  2.4705756   2.4792901   2.48800461  2.49671912  2.50543363  2.51414814
  2.52286265  2.53157716  2.54029167  2.54900618  2.55772069  2.5664352
  2.57514971  2.58386421  2.59257872  2.60129323  2.61000774  2.61872225
  2.62743676  2.63615127  2.64486578  2.65358029  2.6622948   2.67100931
  2.67972382  2.68843833  2.69715283  2.70586734  2.71458185  2.72329636
  2.73201087  2.74072538  2.74943989  2.7581544   2.76686891  2.77558342
  2.78429793  2.79301244  2.80172694  2.81044145  2.81915596  2.82787047
  2.83658498  2.84529949  2.854014    2.86272851  2.87144302  2.88015753
  2.88887204  2.89758655  2.90630106  2.91501556  2.92373007  2.93244458
  2.94115909  2.9498736   2.95858811  2.96730262  2.97601713  2.98473164
  2.99344615  3.00216066  3.01087517  3.01958967  3.02830418  3.03701869
  3.0457332   3.05444771  3.06316222  3.07187673  3.08059124  3.08930575
  3.09802026  3.10673477  3.11544928  3.12416379  3.13287829  3.1415928 ]
POINTCLOUD 5 [1.358 1.36  1.362 1.36  1.364 1.368 1.366 1.368 1.372 1.374 1.374 1.376
 1.38  1.38  1.384 1.386 1.394 1.392 1.398 1.4   1.402 1.406 1.41  1.414
 1.416 1.422 1.428 1.43  1.436 1.438 1.444 1.446 1.452 1.458 1.462 1.466
 1.48  1.482 1.484 1.492 1.496 1.502 1.514 1.52  1.526 1.548 1.574 1.6
   inf   inf   inf 1.542 1.542   inf 1.57  1.57  1.614 1.63  1.634 1.65
 1.664 1.67  1.638 0.124 0.122 1.218 1.208 1.198 1.18  1.17  1.152 1.144
 1.138 1.124 1.106 1.098   inf   inf   inf   inf   inf   inf   inf   inf
 1.016 1.016 1.012 1.012 1.01  1.01  0.924 0.924 0.922 1.16  1.16  1.158
 1.156 1.158 1.158 1.16  1.16  1.154 1.15  1.154 1.274 1.274 1.284 1.3
 1.31  1.32  1.32  2.54  2.54  2.54  2.548 2.564 2.576   inf 2.58  2.58
 2.58  2.58  2.58  2.572 2.572 2.576 3.26  3.24  3.24  3.236 3.212 3.208
   inf   inf 3.264 3.264 3.232 3.232 3.228 3.252 3.308 3.332 3.344 3.364
 3.384 3.388   inf   inf 6.952 6.952 6.944   inf 6.872 6.872 6.912 6.912
 6.912 6.864   inf   inf   inf 6.84  6.84  6.792 6.832 6.808 6.808 3.58
 3.58  3.568 1.462 1.462 1.47  1.484 1.488 1.434 1.448 1.464 1.492 1.506
 1.52  1.552 1.57  1.584 1.054 0.95  0.95  0.946 0.946 0.948 0.954 0.964
 0.97  0.976 0.976 0.974 0.972   inf 0.934 0.934 0.934 1.018   inf 1.02
 1.02  1.022 1.022 1.772 1.772 1.776 1.776 1.772 1.746 1.722   inf   inf
   inf 1.406 1.406 1.406 1.406 1.406 1.402 1.406 1.304 1.31  1.31  1.334
 1.364 1.378 1.382 1.378 1.376 1.366 1.36  1.354 1.354 2.18  2.18  2.156
 2.132 2.092 2.084 2.064 2.032 2.008 1.972 1.96  1.944 1.908 1.9   1.87
 1.858 1.848 1.816 1.804 1.796 1.768 1.756 1.734 1.724 1.712 1.69  1.682
 1.676 1.654 1.642 1.624 1.616 1.604 1.59  1.58  1.572 1.556 1.548 1.54
 1.526 1.518 1.502 1.496 1.5   1.518 1.536   inf   inf   inf   inf 1.366
 1.366 1.374 1.374 1.394 1.392 1.388 1.378 1.376 1.372 0.125 1.36  0.125
 1.348 1.344 1.338 1.334 1.332 1.324 1.322 1.318 1.31  1.308 1.306 1.298
 1.29    inf   inf   inf   inf   inf   inf 1.288 1.288 1.276 1.266 1.264
 1.256 1.258 1.258 1.254 1.252 1.25  1.246 1.244 1.244 1.244 1.24  1.238
 1.24  1.236 1.236 1.234 1.234 1.232 1.232 1.23  1.232 1.232 1.232 1.232
 1.232 1.232 1.232 1.232 1.228 1.232 1.232 1.234 1.234 1.236 1.234 1.234
 1.236 1.238 1.238 1.24  1.242 1.242 1.244 1.246 1.248 1.25  1.25  1.254
 1.256 1.256 1.26  1.26  1.156 1.136 1.126 1.12  1.124 1.138 1.146 1.134
   inf   inf   inf   inf   inf   inf 1.08  1.08  1.086 1.096 1.106 1.126
 1.13  1.13  1.134 1.138 1.14  1.116 1.112 1.11  1.108 1.106 1.102 1.418
 1.422 1.422 1.428 1.44  1.448 1.454 1.462 1.468 1.474 1.488 1.496 1.5
 1.512 1.522 1.538 1.544 1.55  1.554   inf   inf   inf   inf   inf   inf
   inf   inf   inf 1.728 1.728 1.728 1.732 1.738   inf   inf 0.756 0.756
 0.746 0.742 0.736 0.734 0.732 0.73  0.732 0.73  0.732 0.734 0.738 0.74
 0.744   inf 2.196 2.196 2.212 2.212 2.228 2.256 2.3   2.32  2.376 2.392
 2.424 2.484 2.528 2.504 2.504 2.5   2.492 2.48    inf 1.272 1.272 1.262
 1.258 1.256 1.264 1.268 1.276 1.278 1.28  1.314   inf 2.344 2.344 2.344
 2.336 2.332 2.324   inf 0.908 0.908 0.896 0.9   0.908 0.912   inf   inf
   inf   inf   inf   inf   inf   inf   inf   inf   inf   inf   inf   inf
   inf   inf   inf   inf   inf   inf   inf   inf   inf   inf   inf 1.122
 1.122 1.124 1.128 1.13  1.134 1.142 1.146 1.146 1.148 1.152 1.16  2.236
 2.236 2.236 2.236 2.24  2.244 2.244 2.252 2.248 2.252 2.252 2.248 2.248
 2.252 2.256 2.264 2.264 2.264 2.268 2.28  2.292 2.28  2.272 2.264   inf
   inf   inf   inf   inf   inf   inf   inf   inf   inf   inf   inf   inf
   inf   inf   inf   inf   inf   inf   inf   inf   inf   inf   inf   inf
 2.708 2.708 2.672 2.64  2.612 2.58  2.52  2.492 2.456 2.428 2.4   2.348
 2.32  2.284   inf   inf   inf 2.14  2.14    inf 2.128 2.128 2.108 2.088
 2.048 2.034 2.024 1.022 1.022 1.02  1.02  1.02  0.88  0.88  0.88  0.88
 0.88  0.892 0.898 0.906 0.92  0.928 0.936 0.956 0.964 0.964 0.976 0.992
 1.008 1.014 1.036 1.048 1.058 1.082 1.616 1.616 1.606 1.598 1.59  1.578
 1.574 1.568 1.576 1.58  1.586 1.61    inf   inf   inf   inf   inf   inf
 1.414 1.414 1.422 1.422 1.432 1.44  1.45  1.448 1.442 1.44  1.436 1.428
 1.426 1.422 1.418 1.416 1.412 1.41  1.406 1.4   1.396 1.394 1.392 1.39
 1.386 1.378 1.38  1.38  1.374 1.374 1.37  1.368 1.366 1.366 1.362 1.356
 1.35  1.338   inf   inf   inf   inf   inf   inf   inf   inf 1.366 1.366
 1.36  1.354 1.352 1.35  1.35  1.35  1.352 1.352 1.352 1.352 1.352 1.354] [-3.12413931 -3.1154248  -3.10671029 -3.09799578 -3.08928127 -3.08056676
 -3.07185225 -3.06313774 -3.05442324 -3.04570873 -3.03699422 -3.02827971
 -3.0195652  -3.01085069 -3.00213618 -2.99342167 -2.98470716 -2.97599265
 -2.96727814 -2.95856363 -2.94984912 -2.94113462 -2.93242011 -2.9237056
 -2.91499109 -2.90627658 -2.89756207 -2.88884756 -2.88013305 -2.87141854
 -2.86270403 -2.85398952 -2.84527501 -2.83656051 -2.827846   -2.81913149
 -2.81041698 -2.80170247 -2.79298796 -2.78427345 -2.77555894 -2.76684443
 -2.75812992 -2.74941541 -2.7407009  -2.7319864  -2.72327189 -2.71455738
 -2.70584287 -2.69712836 -2.68841385 -2.67969934 -2.67098483 -2.66227032
 -2.65355581 -2.6448413  -2.63612679 -2.62741228 -2.61869778 -2.60998327
 -2.60126876 -2.59255425 -2.58383974 -2.57512523 -2.56641072 -2.55769621
 -2.5489817  -2.54026719 -2.53155268 -2.52283817 -2.51412367 -2.50540916
 -2.49669465 -2.48798014 -2.47926563 -2.47055112 -2.46183661 -2.4531221
 -2.44440759 -2.43569308 -2.42697857 -2.41826406 -2.40954955 -2.40083505
 -2.39212054 -2.38340603 -2.37469152 -2.36597701 -2.3572625  -2.34854799
 -2.33983348 -2.33111897 -2.32240446 -2.31368995 -2.30497544 -2.29626094
 -2.28754643 -2.27883192 -2.27011741 -2.2614029  -2.25268839 -2.24397388
 -2.23525937 -2.22654486 -2.21783035 -2.20911584 -2.20040133 -2.19168682
 -2.18297232 -2.17425781 -2.1655433  -2.15682879 -2.14811428 -2.13939977
 -2.13068526 -2.12197075 -2.11325624 -2.10454173 -2.09582722 -2.08711271
 -2.07839821 -2.0696837  -2.06096919 -2.05225468 -2.04354017 -2.03482566
 -2.02611115 -2.01739664 -2.00868213 -1.99996762 -1.99125311 -1.9825386
 -1.97382409 -1.96510959 -1.95639508 -1.94768057 -1.93896606 -1.93025155
 -1.92153704 -1.91282253 -1.90410802 -1.89539351 -1.886679   -1.87796449
 -1.86924998 -1.86053548 -1.85182097 -1.84310646 -1.83439195 -1.82567744
 -1.81696293 -1.80824842 -1.79953391 -1.7908194  -1.78210489 -1.77339038
 -1.76467587 -1.75596137 -1.74724686 -1.73853235 -1.72981784 -1.72110333
 -1.71238882 -1.70367431 -1.6949598  -1.68624529 -1.67753078 -1.66881627
 -1.66010176 -1.65138725 -1.64267275 -1.63395824 -1.62524373 -1.61652922
 -1.60781471 -1.5991002  -1.59038569 -1.58167118 -1.57295667 -1.56424216
 -1.55552765 -1.54681314 -1.53809864 -1.52938413 -1.52066962 -1.51195511
 -1.5032406  -1.49452609 -1.48581158 -1.47709707 -1.46838256 -1.45966805
 -1.45095354 -1.44223903 -1.43352452 -1.42481002 -1.41609551 -1.407381
 -1.39866649 -1.38995198 -1.38123747 -1.37252296 -1.36380845 -1.35509394
 -1.34637943 -1.33766492 -1.32895041 -1.32023591 -1.3115214  -1.30280689
 -1.29409238 -1.28537787 -1.27666336 -1.26794885 -1.25923434 -1.25051983
 -1.24180532 -1.23309081 -1.2243763  -1.21566179 -1.20694729 -1.19823278
 -1.18951827 -1.18080376 -1.17208925 -1.16337474 -1.15466023 -1.14594572
 -1.13723121 -1.1285167  -1.11980219 -1.11108768 -1.10237318 -1.09365867
 -1.08494416 -1.07622965 -1.06751514 -1.05880063 -1.05008612 -1.04137161
 -1.0326571  -1.02394259 -1.01522808 -1.00651357 -0.99779906 -0.98908456
 -0.98037005 -0.97165554 -0.96294103 -0.95422652 -0.94551201 -0.9367975
 -0.92808299 -0.91936848 -0.91065397 -0.90193946 -0.89322495 -0.88451045
 -0.87579594 -0.86708143 -0.85836692 -0.84965241 -0.8409379  -0.83222339
 -0.82350888 -0.81479437 -0.80607986 -0.79736535 -0.78865084 -0.77993634
 -0.77122183 -0.76250732 -0.75379281 -0.7450783  -0.73636379 -0.72764928
 -0.71893477 -0.71022026 -0.70150575 -0.69279124 -0.68407673 -0.67536222
 -0.66664772 -0.65793321 -0.6492187  -0.64050419 -0.63178968 -0.62307517
 -0.61436066 -0.60564615 -0.59693164 -0.58821713 -0.57950262 -0.57078811
 -0.56207361 -0.5533591  -0.54464459 -0.53593008 -0.52721557 -0.51850106
 -0.50978655 -0.50107204 -0.49235753 -0.48364302 -0.47492851 -0.466214
 -0.45749949 -0.44878499 -0.44007048 -0.43135597 -0.42264146 -0.41392695
 -0.40521244 -0.39649793 -0.38778342 -0.37906891 -0.3703544  -0.36163989
 -0.35292538 -0.34421088 -0.33549637 -0.32678186 -0.31806735 -0.30935284
 -0.30063833 -0.29192382 -0.28320931 -0.2744948  -0.26578029 -0.25706578
 -0.24835127 -0.23963676 -0.23092226 -0.22220775 -0.21349324 -0.20477873
 -0.19606422 -0.18734971 -0.1786352  -0.16992069 -0.16120618 -0.15249167
 -0.14377716 -0.13506265 -0.12634815 -0.11763364 -0.10891913 -0.10020462
 -0.09149011 -0.0827756  -0.07406109 -0.06534658 -0.05663207 -0.04791756
 -0.03920305 -0.03048854 -0.02177403 -0.01305953 -0.00434502  0.00436949
  0.013084    0.02179851  0.03051302  0.03922753  0.04794204  0.05665655
  0.06537106  0.07408557  0.08280008  0.09151458  0.10022909  0.1089436
  0.11765811  0.12637262  0.13508713  0.14380164  0.15251615  0.16123066
  0.16994517  0.17865968  0.18737419  0.19608869  0.2048032   0.21351771
  0.22223222  0.23094673  0.23966124  0.24837575  0.25709026  0.26580477
  0.27451928  0.28323379  0.2919483   0.30066281  0.30937731  0.31809182
  0.32680633  0.33552084  0.34423535  0.35294986  0.36166437  0.37037888
  0.37909339  0.3878079   0.39652241  0.40523692  0.41395142  0.42266593
  0.43138044  0.44009495  0.44880946  0.45752397  0.46623848  0.47495299
  0.4836675   0.49238201  0.50109652  0.50981103  0.51852554  0.52724004
  0.53595455  0.54466906  0.55338357  0.56209808  0.57081259  0.5795271
  0.58824161  0.59695612  0.60567063  0.61438514  0.62309965  0.63181415
  0.64052866  0.64924317  0.65795768  0.66667219  0.6753867   0.68410121
  0.69281572  0.70153023  0.71024474  0.71895925  0.72767376  0.73638827
  0.74510277  0.75381728  0.76253179  0.7712463   0.77996081  0.78867532
  0.79738983  0.80610434  0.81481885  0.82353336  0.83224787  0.84096238
  0.84967688  0.85839139  0.8671059   0.87582041  0.88453492  0.89324943
  0.90196394  0.91067845  0.91939296  0.92810747  0.93682198  0.94553649
  0.954251    0.9629655   0.97168001  0.98039452  0.98910903  0.99782354
  1.00653805  1.01525256  1.02396707  1.03268158  1.04139609  1.0501106
  1.05882511  1.06753961  1.07625412  1.08496863  1.09368314  1.10239765
  1.11111216  1.11982667  1.12854118  1.13725569  1.1459702   1.15468471
  1.16339922  1.17211372  1.18082823  1.18954274  1.19825725  1.20697176
  1.21568627  1.22440078  1.23311529  1.2418298   1.25054431  1.25925882
  1.26797333  1.27668784  1.28540234  1.29411685  1.30283136  1.31154587
  1.32026038  1.32897489  1.3376894   1.34640391  1.35511842  1.36383293
  1.37254744  1.38126195  1.38997645  1.39869096  1.40740547  1.41611998
  1.42483449  1.433549    1.44226351  1.45097802  1.45969253  1.46840704
  1.47712155  1.48583606  1.49455057  1.50326507  1.51197958  1.52069409
  1.5294086   1.53812311  1.54683762  1.55555213  1.56426664  1.57298115
  1.58169566  1.59041017  1.59912468  1.60783918  1.61655369  1.6252682
  1.63398271  1.64269722  1.65141173  1.66012624  1.66884075  1.67755526
  1.68626977  1.69498428  1.70369879  1.7124133   1.7211278   1.72984231
  1.73855682  1.74727133  1.75598584  1.76470035  1.77341486  1.78212937
  1.79084388  1.79955839  1.8082729   1.81698741  1.82570191  1.83441642
  1.84313093  1.85184544  1.86055995  1.86927446  1.87798897  1.88670348
  1.89541799  1.9041325   1.91284701  1.92156152  1.93027603  1.93899053
  1.94770504  1.95641955  1.96513406  1.97384857  1.98256308  1.99127759
  1.9999921   2.00870661  2.01742112  2.02613563  2.03485014  2.04356464
  2.05227915  2.06099366  2.06970817  2.07842268  2.08713719  2.0958517
  2.10456621  2.11328072  2.12199523  2.13070974  2.13942425  2.14813876
  2.15685326  2.16556777  2.17428228  2.18299679  2.1917113   2.20042581
  2.20914032  2.21785483  2.22656934  2.23528385  2.24399836  2.25271287
  2.26142737  2.27014188  2.27885639  2.2875709   2.29628541  2.30499992
  2.31371443  2.32242894  2.33114345  2.33985796  2.34857247  2.35728698
  2.36600148  2.37471599  2.3834305   2.39214501  2.40085952  2.40957403
  2.41828854  2.42700305  2.43571756  2.44443207  2.45314658  2.46186109
  2.4705756   2.4792901   2.48800461  2.49671912  2.50543363  2.51414814
  2.52286265  2.53157716  2.54029167  2.54900618  2.55772069  2.5664352
  2.57514971  2.58386421  2.59257872  2.60129323  2.61000774  2.61872225
  2.62743676  2.63615127  2.64486578  2.65358029  2.6622948   2.67100931
  2.67972382  2.68843833  2.69715283  2.70586734  2.71458185  2.72329636
  2.73201087  2.74072538  2.74943989  2.7581544   2.76686891  2.77558342
  2.78429793  2.79301244  2.80172694  2.81044145  2.81915596  2.82787047
  2.83658498  2.84529949  2.854014    2.86272851  2.87144302  2.88015753
  2.88887204  2.89758655  2.90630106  2.91501556  2.92373007  2.93244458
  2.94115909  2.9498736   2.95858811  2.96730262  2.97601713  2.98473164
  2.99344615  3.00216066  3.01087517  3.01958967  3.02830418  3.03701869
  3.0457332   3.05444771  3.06316222  3.07187673  3.08059124  3.08930575
  3.09802026  3.10673477  3.11544928  3.12416379  3.13287829  3.1415928 ]
POINTCLOUD 6 [1.362 1.364 1.364 1.362 1.366 1.37  1.372 1.37  1.372 1.374 1.38  1.378
 1.38  1.384 1.386 1.39  1.392 1.396 1.4   1.406 1.41  1.41  1.412 1.416
 1.418 1.426 1.428 1.432 1.438 1.44  1.45  1.454 1.456 1.458 1.468 1.468
 1.48  1.484 1.488 1.494 1.498 1.502 1.516 1.52  1.528 1.556 1.58  1.608
   inf   inf   inf   inf   inf 1.552 1.552 1.574 1.62  1.638 1.652 1.644
 1.618 1.194 1.194 0.124 1.176 1.156 1.146 1.136 1.118 1.112 1.096 1.08
 1.076 1.088 1.042 1.046 1.04  1.028   inf   inf   inf   inf   inf   inf
   inf   inf   inf 0.89  0.89  0.902 1.132 1.132 1.13  1.128 1.128 1.126
 1.128 1.13  1.13  1.12  1.122 1.148 1.242 1.252 1.252 1.268 1.278 1.288
 1.288 2.504 2.504 2.512 2.524 2.524 2.52  2.528 2.528   inf 2.54  2.54
 2.548 2.548 2.548 2.54  2.54  2.544 3.22  3.224 3.224 3.216 3.184 3.164
   inf   inf   inf   inf 3.228 3.228 3.208 3.228 3.256 3.284 3.32  3.356
 3.356 3.36  6.944 6.888 6.888 6.888 6.872 6.744 6.712 6.784 6.784 6.832
 6.8     inf   inf   inf 6.832 6.832 6.8   6.8   6.768   inf 3.556 3.556
 3.536 3.536 1.426 1.426 1.436 1.448 1.444 1.4   1.412 1.426 1.452 1.466
 1.482 1.508 1.522 1.538 1.018 1.018 0.914 0.914 0.912 0.912 0.918 0.924
 0.928 0.938 0.938 0.938 0.936 0.936   inf 0.898 0.898 0.902 0.902 0.982
 0.984 0.986 0.988 0.988 1.738   inf 1.736 1.736 1.726 1.71  1.696   inf
 1.8   1.8   1.37  1.37  1.374 1.374 1.372 1.372 1.372 1.37  1.274 1.274
 1.282 1.328 1.346 1.348 1.344 1.344 1.344 1.33  1.326 1.324   inf 2.132
 2.132 2.092 2.08  2.042 2.028 2.006 1.968 1.954 1.94  1.906 1.892 1.868
 1.852 1.838 1.816 1.804 1.79  1.766 1.756 1.734 1.726 1.714 1.688 1.676
 1.664 1.652 1.64  1.624 1.614 1.602 1.588 1.58  1.564 1.558 1.548 1.534
 1.524 1.512 1.502 1.496 1.502 1.51  1.526   inf   inf   inf 1.358 1.358
   inf 1.368 1.368 1.388 1.39  1.386 1.38  1.372 1.364 1.358 1.356 0.125
 1.346 1.344 1.336 1.332 1.326 1.322 1.32  1.314 1.312 1.308 1.3   1.298
 1.28    inf   inf   inf   inf   inf   inf 1.284 1.284 1.272 1.264 1.258
 1.254 1.256 1.252 1.25  1.25  1.246 1.244 1.244 1.242 1.24  1.236 1.236
 1.236 1.234 1.234 1.234 1.232 1.232 1.23  1.23  1.23  1.226 1.226 1.228
 1.228 1.228 1.23  1.23  1.228 1.23  1.23  1.232 1.232 1.232 1.234 1.232
 1.234 1.234 1.236 1.236 1.236 1.242 1.242 1.242 1.244 1.246 1.25  1.252
 1.254 1.256 1.256 1.26  1.264 1.264 1.266 1.18  1.18  1.164 1.168 1.176
   inf   inf   inf   inf   inf 1.088 1.088   inf 1.1   1.1   1.118 1.126
 1.13  1.134 1.136 1.14  1.144 1.146 1.15  1.156 1.148 1.128 1.128 1.124
 1.122 1.12  1.118 1.442 1.448 1.454 1.46  1.464 1.478 1.486 1.494 1.5
 1.506 1.524 1.532 1.538 1.548 1.548 1.536   inf   inf   inf   inf   inf
   inf   inf 1.722 1.722   inf 1.73  1.73  1.744 1.758 1.764 1.788 1.8
   inf   inf 0.78  0.78  0.772 0.768 0.762 0.76  0.758 0.758 0.758 0.758
 0.76  0.764 0.766 0.768   inf 2.292 2.292 2.304 2.304 2.332 2.364 2.384
 2.436 2.46  2.488 2.556 2.544 2.544 2.544 2.536 2.516 2.504 1.316 1.316
 1.302 1.292 1.292 1.298 1.302 1.304 1.308 1.312 1.318   inf 2.388 2.388
 2.372 2.372 2.368 2.348   inf 0.938 0.938 0.936 0.942 0.95  0.958   inf
   inf   inf   inf   inf   inf   inf   inf   inf   inf   inf   inf   inf
   inf   inf   inf   inf   inf   inf   inf   inf   inf   inf   inf   inf
 1.16  1.16  1.164 1.168 1.172 1.178 1.18  1.182 1.184 1.192 1.202 1.21
 2.256 2.256 2.26  2.252 2.256 2.26  2.264 2.276 2.28  2.284 2.292 2.304
 2.312 2.316 2.312 2.316 2.32  2.324 2.336 2.328 2.328 2.324   inf   inf
   inf   inf   inf   inf   inf   inf   inf   inf   inf   inf   inf   inf
   inf   inf   inf   inf   inf   inf   inf   inf   inf   inf   inf 2.724
 2.724 2.688 2.688 2.656 2.592 2.564 2.536 2.484 2.468 2.412 2.388 2.36
 2.308 2.284   inf   inf   inf   inf 2.152 2.152 2.136 2.136 2.116 2.08
 2.06  1.054 1.048 1.048 1.048 0.908 0.906 0.906 0.906 0.91  0.918 0.924
 0.938 0.946 0.952 0.968 0.992 0.986 0.994 0.998 1.016 1.036 1.046 1.056
 1.078 1.088 1.1   1.634 1.634 1.626 1.622 1.616 1.608 1.594 1.588 1.582
 1.572 1.57  1.57  1.582 1.588   inf   inf   inf   inf   inf   inf   inf
   inf 1.412 1.412 1.422 1.436 1.446 1.452 1.452 1.446 1.44  1.436 1.434
 1.426 1.424 1.422 1.416 1.412 1.408 1.406 1.404 1.402 1.406 1.4   1.39
 1.388 1.386 1.38  1.38  1.38  1.374 1.376 1.372 1.37  1.368 1.364 1.362
 1.348   inf   inf   inf   inf   inf   inf   inf   inf 1.376 1.376 1.366
 1.366 1.36  1.352 1.352 1.352 1.352 1.352 1.352 1.356 1.356 1.358 1.358] [-3.12413931 -3.1154248  -3.10671029 -3.09799578 -3.08928127 -3.08056676
 -3.07185225 -3.06313774 -3.05442324 -3.04570873 -3.03699422 -3.02827971
 -3.0195652  -3.01085069 -3.00213618 -2.99342167 -2.98470716 -2.97599265
 -2.96727814 -2.95856363 -2.94984912 -2.94113462 -2.93242011 -2.9237056
 -2.91499109 -2.90627658 -2.89756207 -2.88884756 -2.88013305 -2.87141854
 -2.86270403 -2.85398952 -2.84527501 -2.83656051 -2.827846   -2.81913149
 -2.81041698 -2.80170247 -2.79298796 -2.78427345 -2.77555894 -2.76684443
 -2.75812992 -2.74941541 -2.7407009  -2.7319864  -2.72327189 -2.71455738
 -2.70584287 -2.69712836 -2.68841385 -2.67969934 -2.67098483 -2.66227032
 -2.65355581 -2.6448413  -2.63612679 -2.62741228 -2.61869778 -2.60998327
 -2.60126876 -2.59255425 -2.58383974 -2.57512523 -2.56641072 -2.55769621
 -2.5489817  -2.54026719 -2.53155268 -2.52283817 -2.51412367 -2.50540916
 -2.49669465 -2.48798014 -2.47926563 -2.47055112 -2.46183661 -2.4531221
 -2.44440759 -2.43569308 -2.42697857 -2.41826406 -2.40954955 -2.40083505
 -2.39212054 -2.38340603 -2.37469152 -2.36597701 -2.3572625  -2.34854799
 -2.33983348 -2.33111897 -2.32240446 -2.31368995 -2.30497544 -2.29626094
 -2.28754643 -2.27883192 -2.27011741 -2.2614029  -2.25268839 -2.24397388
 -2.23525937 -2.22654486 -2.21783035 -2.20911584 -2.20040133 -2.19168682
 -2.18297232 -2.17425781 -2.1655433  -2.15682879 -2.14811428 -2.13939977
 -2.13068526 -2.12197075 -2.11325624 -2.10454173 -2.09582722 -2.08711271
 -2.07839821 -2.0696837  -2.06096919 -2.05225468 -2.04354017 -2.03482566
 -2.02611115 -2.01739664 -2.00868213 -1.99996762 -1.99125311 -1.9825386
 -1.97382409 -1.96510959 -1.95639508 -1.94768057 -1.93896606 -1.93025155
 -1.92153704 -1.91282253 -1.90410802 -1.89539351 -1.886679   -1.87796449
 -1.86924998 -1.86053548 -1.85182097 -1.84310646 -1.83439195 -1.82567744
 -1.81696293 -1.80824842 -1.79953391 -1.7908194  -1.78210489 -1.77339038
 -1.76467587 -1.75596137 -1.74724686 -1.73853235 -1.72981784 -1.72110333
 -1.71238882 -1.70367431 -1.6949598  -1.68624529 -1.67753078 -1.66881627
 -1.66010176 -1.65138725 -1.64267275 -1.63395824 -1.62524373 -1.61652922
 -1.60781471 -1.5991002  -1.59038569 -1.58167118 -1.57295667 -1.56424216
 -1.55552765 -1.54681314 -1.53809864 -1.52938413 -1.52066962 -1.51195511
 -1.5032406  -1.49452609 -1.48581158 -1.47709707 -1.46838256 -1.45966805
 -1.45095354 -1.44223903 -1.43352452 -1.42481002 -1.41609551 -1.407381
 -1.39866649 -1.38995198 -1.38123747 -1.37252296 -1.36380845 -1.35509394
 -1.34637943 -1.33766492 -1.32895041 -1.32023591 -1.3115214  -1.30280689
 -1.29409238 -1.28537787 -1.27666336 -1.26794885 -1.25923434 -1.25051983
 -1.24180532 -1.23309081 -1.2243763  -1.21566179 -1.20694729 -1.19823278
 -1.18951827 -1.18080376 -1.17208925 -1.16337474 -1.15466023 -1.14594572
 -1.13723121 -1.1285167  -1.11980219 -1.11108768 -1.10237318 -1.09365867
 -1.08494416 -1.07622965 -1.06751514 -1.05880063 -1.05008612 -1.04137161
 -1.0326571  -1.02394259 -1.01522808 -1.00651357 -0.99779906 -0.98908456
 -0.98037005 -0.97165554 -0.96294103 -0.95422652 -0.94551201 -0.9367975
 -0.92808299 -0.91936848 -0.91065397 -0.90193946 -0.89322495 -0.88451045
 -0.87579594 -0.86708143 -0.85836692 -0.84965241 -0.8409379  -0.83222339
 -0.82350888 -0.81479437 -0.80607986 -0.79736535 -0.78865084 -0.77993634
 -0.77122183 -0.76250732 -0.75379281 -0.7450783  -0.73636379 -0.72764928
 -0.71893477 -0.71022026 -0.70150575 -0.69279124 -0.68407673 -0.67536222
 -0.66664772 -0.65793321 -0.6492187  -0.64050419 -0.63178968 -0.62307517
 -0.61436066 -0.60564615 -0.59693164 -0.58821713 -0.57950262 -0.57078811
 -0.56207361 -0.5533591  -0.54464459 -0.53593008 -0.52721557 -0.51850106
 -0.50978655 -0.50107204 -0.49235753 -0.48364302 -0.47492851 -0.466214
 -0.45749949 -0.44878499 -0.44007048 -0.43135597 -0.42264146 -0.41392695
 -0.40521244 -0.39649793 -0.38778342 -0.37906891 -0.3703544  -0.36163989
 -0.35292538 -0.34421088 -0.33549637 -0.32678186 -0.31806735 -0.30935284
 -0.30063833 -0.29192382 -0.28320931 -0.2744948  -0.26578029 -0.25706578
 -0.24835127 -0.23963676 -0.23092226 -0.22220775 -0.21349324 -0.20477873
 -0.19606422 -0.18734971 -0.1786352  -0.16992069 -0.16120618 -0.15249167
 -0.14377716 -0.13506265 -0.12634815 -0.11763364 -0.10891913 -0.10020462
 -0.09149011 -0.0827756  -0.07406109 -0.06534658 -0.05663207 -0.04791756
 -0.03920305 -0.03048854 -0.02177403 -0.01305953 -0.00434502  0.00436949
  0.013084    0.02179851  0.03051302  0.03922753  0.04794204  0.05665655
  0.06537106  0.07408557  0.08280008  0.09151458  0.10022909  0.1089436
  0.11765811  0.12637262  0.13508713  0.14380164  0.15251615  0.16123066
  0.16994517  0.17865968  0.18737419  0.19608869  0.2048032   0.21351771
  0.22223222  0.23094673  0.23966124  0.24837575  0.25709026  0.26580477
  0.27451928  0.28323379  0.2919483   0.30066281  0.30937731  0.31809182
  0.32680633  0.33552084  0.34423535  0.35294986  0.36166437  0.37037888
  0.37909339  0.3878079   0.39652241  0.40523692  0.41395142  0.42266593
  0.43138044  0.44009495  0.44880946  0.45752397  0.46623848  0.47495299
  0.4836675   0.49238201  0.50109652  0.50981103  0.51852554  0.52724004
  0.53595455  0.54466906  0.55338357  0.56209808  0.57081259  0.5795271
  0.58824161  0.59695612  0.60567063  0.61438514  0.62309965  0.63181415
  0.64052866  0.64924317  0.65795768  0.66667219  0.6753867   0.68410121
  0.69281572  0.70153023  0.71024474  0.71895925  0.72767376  0.73638827
  0.74510277  0.75381728  0.76253179  0.7712463   0.77996081  0.78867532
  0.79738983  0.80610434  0.81481885  0.82353336  0.83224787  0.84096238
  0.84967688  0.85839139  0.8671059   0.87582041  0.88453492  0.89324943
  0.90196394  0.91067845  0.91939296  0.92810747  0.93682198  0.94553649
  0.954251    0.9629655   0.97168001  0.98039452  0.98910903  0.99782354
  1.00653805  1.01525256  1.02396707  1.03268158  1.04139609  1.0501106
  1.05882511  1.06753961  1.07625412  1.08496863  1.09368314  1.10239765
  1.11111216  1.11982667  1.12854118  1.13725569  1.1459702   1.15468471
  1.16339922  1.17211372  1.18082823  1.18954274  1.19825725  1.20697176
  1.21568627  1.22440078  1.23311529  1.2418298   1.25054431  1.25925882
  1.26797333  1.27668784  1.28540234  1.29411685  1.30283136  1.31154587
  1.32026038  1.32897489  1.3376894   1.34640391  1.35511842  1.36383293
  1.37254744  1.38126195  1.38997645  1.39869096  1.40740547  1.41611998
  1.42483449  1.433549    1.44226351  1.45097802  1.45969253  1.46840704
  1.47712155  1.48583606  1.49455057  1.50326507  1.51197958  1.52069409
  1.5294086   1.53812311  1.54683762  1.55555213  1.56426664  1.57298115
  1.58169566  1.59041017  1.59912468  1.60783918  1.61655369  1.6252682
  1.63398271  1.64269722  1.65141173  1.66012624  1.66884075  1.67755526
  1.68626977  1.69498428  1.70369879  1.7124133   1.7211278   1.72984231
  1.73855682  1.74727133  1.75598584  1.76470035  1.77341486  1.78212937
  1.79084388  1.79955839  1.8082729   1.81698741  1.82570191  1.83441642
  1.84313093  1.85184544  1.86055995  1.86927446  1.87798897  1.88670348
  1.89541799  1.9041325   1.91284701  1.92156152  1.93027603  1.93899053
  1.94770504  1.95641955  1.96513406  1.97384857  1.98256308  1.99127759
  1.9999921   2.00870661  2.01742112  2.02613563  2.03485014  2.04356464
  2.05227915  2.06099366  2.06970817  2.07842268  2.08713719  2.0958517
  2.10456621  2.11328072  2.12199523  2.13070974  2.13942425  2.14813876
  2.15685326  2.16556777  2.17428228  2.18299679  2.1917113   2.20042581
  2.20914032  2.21785483  2.22656934  2.23528385  2.24399836  2.25271287
  2.26142737  2.27014188  2.27885639  2.2875709   2.29628541  2.30499992
  2.31371443  2.32242894  2.33114345  2.33985796  2.34857247  2.35728698
  2.36600148  2.37471599  2.3834305   2.39214501  2.40085952  2.40957403
  2.41828854  2.42700305  2.43571756  2.44443207  2.45314658  2.46186109
  2.4705756   2.4792901   2.48800461  2.49671912  2.50543363  2.51414814
  2.52286265  2.53157716  2.54029167  2.54900618  2.55772069  2.5664352
  2.57514971  2.58386421  2.59257872  2.60129323  2.61000774  2.61872225
  2.62743676  2.63615127  2.64486578  2.65358029  2.6622948   2.67100931
  2.67972382  2.68843833  2.69715283  2.70586734  2.71458185  2.72329636
  2.73201087  2.74072538  2.74943989  2.7581544   2.76686891  2.77558342
  2.78429793  2.79301244  2.80172694  2.81044145  2.81915596  2.82787047
  2.83658498  2.84529949  2.854014    2.86272851  2.87144302  2.88015753
  2.88887204  2.89758655  2.90630106  2.91501556  2.92373007  2.93244458
  2.94115909  2.9498736   2.95858811  2.96730262  2.97601713  2.98473164
  2.99344615  3.00216066  3.01087517  3.01958967  3.02830418  3.03701869
  3.0457332   3.05444771  3.06316222  3.07187673  3.08059124  3.08930575
  3.09802026  3.10673477  3.11544928  3.12416379  3.13287829  3.1415928 ]
POINTCLOUD 7 [1.366 1.364 1.368 1.368 1.368 1.37  1.372 1.374 1.374 1.374 1.382 1.382
 1.384 1.386 1.388 1.394 1.394 1.396 1.402 1.406 1.408 1.412 1.414 1.418
 1.424 1.426 1.43  1.436 1.438 1.446 1.448 1.452 1.458 1.462 1.468 1.476
 1.48  1.484 1.492 1.496 1.5   1.51  1.514 1.524 1.53  1.544 1.568 1.618
   inf   inf   inf 1.536 1.536 1.562 1.562 1.596 1.626 1.624 1.17  1.16
 1.16  0.126 1.142 0.125 0.122 1.102 1.092 1.078 1.054 1.052 1.062 1.014
 1.026 1.014 1.006 1.    0.986 0.974   inf   inf   inf   inf   inf 0.89
 0.89    inf   inf   inf 1.104 1.104 1.104 1.102 1.102 1.1   1.104 1.102
 1.098 1.096 1.096 1.212 1.212 1.222 1.222 1.238 1.246 1.254 1.26  2.456
 2.456 2.456 2.46  2.48  2.488 2.496 2.508 2.5   2.528 2.528 2.52  2.52
 2.508 2.516 2.508 2.504   inf 3.168 3.168 3.152 3.152 3.144 3.152 3.184
   inf   inf 3.196 3.196 3.176 3.176 3.18  3.208 3.22  3.244 3.268 3.308
 3.348 6.888 6.888 6.8   6.784 6.832 6.8     inf 6.784 6.784 6.8   6.8
 6.76    inf 6.704 6.704 6.784 6.784 6.76  6.76  6.704 6.672 6.672 3.48
 3.48    inf 1.392 1.392 1.388 1.414 1.36  1.364 1.378 1.39  1.402 1.43
 1.444 1.458 1.488 1.504 1.518   inf 0.878 0.878 0.876 0.876 0.876 0.882
 0.89  0.894 0.902 0.904 0.904 0.9   0.896   inf 0.86  0.86  0.864 0.864
 0.94  0.946 0.948 0.95  0.952   inf 1.706 1.706 1.702 1.68  1.66    inf
   inf 1.764 1.764 1.336   inf 1.338 1.338 1.336 1.336 1.334 1.334 1.334
 1.236 1.24  1.274 1.302 1.316 1.32  1.312 1.312 1.3   1.298 1.296 1.288
 2.08  2.08  2.06  2.044 2.032 1.988 1.972 1.946 1.926 1.912 1.888 1.87
 1.846 1.832 1.82  1.792 1.782 1.77  1.748 1.736 1.714 1.702 1.686 1.672
 1.662 1.65  1.634 1.628 1.606 1.596 1.59  1.574 1.566 1.558 1.542 1.534
 1.518 1.508 1.504 1.494 1.498 1.508 1.53    inf   inf   inf   inf 1.358
 1.358 1.362 1.372 1.382 1.388 1.38  1.378 0.128 1.364 1.36  0.125 0.125
 1.346 1.34  1.332 1.326 1.324 1.32  1.316 1.312 1.306 1.3   1.3   1.296
 1.284 1.264   inf   inf   inf   inf   inf   inf 1.276 1.276 1.262 1.258
 1.258 1.252 1.25  1.248 1.244 1.244 1.242 1.24  1.24  1.238 1.236 1.234
 1.232 1.23  1.232 1.232 1.23  1.23  1.228 1.226 1.226 1.224 1.224 1.226
 1.226 1.226 1.226 1.226 1.226 1.226 1.228 1.232 1.23  1.232 1.232 1.232
 1.232 1.23  1.232 1.234 1.236 1.238 1.24  1.242 1.244 1.246 1.246 1.25
 1.252 1.254 1.256 1.26  1.262 1.262 1.266 1.274 1.286 1.312 1.324   inf
   inf   inf   inf   inf   inf   inf 1.044 1.044 1.06  1.076 1.092 1.114
 1.134 1.144 1.144 1.146 1.148 1.148 1.154 1.156 1.158 1.164 1.168 1.17
 1.144 1.142 1.14  1.14  1.138 1.134 1.466 1.466 1.474 1.48  1.49  1.5
 1.504 1.514 1.524 1.536 1.546 1.542 1.538   inf   inf   inf   inf   inf
   inf   inf   inf 1.72  1.72  1.724 1.73  1.738 1.746 1.774 1.786 1.798
 1.822 1.834 1.158 1.156 1.156 0.808 0.808 0.798 0.798 0.794 0.788 0.786
 0.784 0.784 0.784 0.786 0.788 0.794 0.796   inf 2.384 2.384 2.404 2.404
 2.432 2.456 2.476 2.52  2.564 2.572 2.572 2.576 2.564 2.556 2.544 1.336
 1.336 1.328 1.328 1.326 1.328 1.33  1.336 1.338 1.342 1.35  1.372 2.412
 2.42  2.42  2.416 2.396 2.388 2.384 0.98  0.98  0.982 0.982 0.99  1.004
   inf   inf   inf   inf   inf   inf   inf   inf   inf   inf   inf   inf
   inf   inf   inf   inf   inf   inf   inf   inf   inf   inf   inf 1.202
 1.202 1.2   1.2   1.202 1.21  1.214 1.218 1.218 1.22  1.228 1.236 2.316
 2.316 2.312 2.308 2.312 2.324 2.32  2.316 2.328 2.336 2.336 2.332 2.328
 2.336 2.344 2.34  2.352 2.352 2.352 2.368 2.368 2.368 2.356   inf   inf
   inf   inf   inf   inf   inf   inf   inf   inf   inf   inf   inf   inf
   inf   inf   inf   inf   inf   inf   inf   inf   inf   inf   inf 2.724
 2.724 2.692 2.692 2.66  2.6   2.568 2.54  2.488 2.472 2.42  2.392 2.368
 2.308 2.296   inf   inf   inf   inf   inf 2.168 2.168 2.152 2.132 1.084
 1.078 1.078 0.936 0.936 0.936 0.934 0.94  0.946 0.952 0.966 0.972 0.98
 0.988 1.014 1.016 1.018 1.024 1.06  1.064 1.07  1.08  1.09  1.112 1.124
 1.132 1.672 1.672 1.666 1.65  1.638 1.626 1.62  1.616 1.598 1.594 1.586
 1.574 1.572 1.576 1.59  1.596 1.608   inf   inf   inf   inf   inf 1.416
 1.416   inf 1.424 1.424 1.44  1.45  1.454 1.454 1.45  1.442 1.442 1.438
 1.428 1.426 1.424 1.418 1.414 1.414 1.416 1.406 1.402 1.398 1.394 1.392
 1.39  1.388 1.384 1.382 1.38  1.378 1.376 1.376 1.374 1.372 1.366 1.364
 1.35  1.36    inf   inf   inf   inf   inf   inf   inf   inf 1.37  1.37
 1.364 1.364 1.358 1.354 1.354 1.354 1.354 1.356 1.36  1.362 1.362 1.362] [-3.12413931 -3.1154248  -3.10671029 -3.09799578 -3.08928127 -3.08056676
 -3.07185225 -3.06313774 -3.05442324 -3.04570873 -3.03699422 -3.02827971
 -3.0195652  -3.01085069 -3.00213618 -2.99342167 -2.98470716 -2.97599265
 -2.96727814 -2.95856363 -2.94984912 -2.94113462 -2.93242011 -2.9237056
 -2.91499109 -2.90627658 -2.89756207 -2.88884756 -2.88013305 -2.87141854
 -2.86270403 -2.85398952 -2.84527501 -2.83656051 -2.827846   -2.81913149
 -2.81041698 -2.80170247 -2.79298796 -2.78427345 -2.77555894 -2.76684443
 -2.75812992 -2.74941541 -2.7407009  -2.7319864  -2.72327189 -2.71455738
 -2.70584287 -2.69712836 -2.68841385 -2.67969934 -2.67098483 -2.66227032
 -2.65355581 -2.6448413  -2.63612679 -2.62741228 -2.61869778 -2.60998327
 -2.60126876 -2.59255425 -2.58383974 -2.57512523 -2.56641072 -2.55769621
 -2.5489817  -2.54026719 -2.53155268 -2.52283817 -2.51412367 -2.50540916
 -2.49669465 -2.48798014 -2.47926563 -2.47055112 -2.46183661 -2.4531221
 -2.44440759 -2.43569308 -2.42697857 -2.41826406 -2.40954955 -2.40083505
 -2.39212054 -2.38340603 -2.37469152 -2.36597701 -2.3572625  -2.34854799
 -2.33983348 -2.33111897 -2.32240446 -2.31368995 -2.30497544 -2.29626094
 -2.28754643 -2.27883192 -2.27011741 -2.2614029  -2.25268839 -2.24397388
 -2.23525937 -2.22654486 -2.21783035 -2.20911584 -2.20040133 -2.19168682
 -2.18297232 -2.17425781 -2.1655433  -2.15682879 -2.14811428 -2.13939977
 -2.13068526 -2.12197075 -2.11325624 -2.10454173 -2.09582722 -2.08711271
 -2.07839821 -2.0696837  -2.06096919 -2.05225468 -2.04354017 -2.03482566
 -2.02611115 -2.01739664 -2.00868213 -1.99996762 -1.99125311 -1.9825386
 -1.97382409 -1.96510959 -1.95639508 -1.94768057 -1.93896606 -1.93025155
 -1.92153704 -1.91282253 -1.90410802 -1.89539351 -1.886679   -1.87796449
 -1.86924998 -1.86053548 -1.85182097 -1.84310646 -1.83439195 -1.82567744
 -1.81696293 -1.80824842 -1.79953391 -1.7908194  -1.78210489 -1.77339038
 -1.76467587 -1.75596137 -1.74724686 -1.73853235 -1.72981784 -1.72110333
 -1.71238882 -1.70367431 -1.6949598  -1.68624529 -1.67753078 -1.66881627
 -1.66010176 -1.65138725 -1.64267275 -1.63395824 -1.62524373 -1.61652922
 -1.60781471 -1.5991002  -1.59038569 -1.58167118 -1.57295667 -1.56424216
 -1.55552765 -1.54681314 -1.53809864 -1.52938413 -1.52066962 -1.51195511
 -1.5032406  -1.49452609 -1.48581158 -1.47709707 -1.46838256 -1.45966805
 -1.45095354 -1.44223903 -1.43352452 -1.42481002 -1.41609551 -1.407381
 -1.39866649 -1.38995198 -1.38123747 -1.37252296 -1.36380845 -1.35509394
 -1.34637943 -1.33766492 -1.32895041 -1.32023591 -1.3115214  -1.30280689
 -1.29409238 -1.28537787 -1.27666336 -1.26794885 -1.25923434 -1.25051983
 -1.24180532 -1.23309081 -1.2243763  -1.21566179 -1.20694729 -1.19823278
 -1.18951827 -1.18080376 -1.17208925 -1.16337474 -1.15466023 -1.14594572
 -1.13723121 -1.1285167  -1.11980219 -1.11108768 -1.10237318 -1.09365867
 -1.08494416 -1.07622965 -1.06751514 -1.05880063 -1.05008612 -1.04137161
 -1.0326571  -1.02394259 -1.01522808 -1.00651357 -0.99779906 -0.98908456
 -0.98037005 -0.97165554 -0.96294103 -0.95422652 -0.94551201 -0.9367975
 -0.92808299 -0.91936848 -0.91065397 -0.90193946 -0.89322495 -0.88451045
 -0.87579594 -0.86708143 -0.85836692 -0.84965241 -0.8409379  -0.83222339
 -0.82350888 -0.81479437 -0.80607986 -0.79736535 -0.78865084 -0.77993634
 -0.77122183 -0.76250732 -0.75379281 -0.7450783  -0.73636379 -0.72764928
 -0.71893477 -0.71022026 -0.70150575 -0.69279124 -0.68407673 -0.67536222
 -0.66664772 -0.65793321 -0.6492187  -0.64050419 -0.63178968 -0.62307517
 -0.61436066 -0.60564615 -0.59693164 -0.58821713 -0.57950262 -0.57078811
 -0.56207361 -0.5533591  -0.54464459 -0.53593008 -0.52721557 -0.51850106
 -0.50978655 -0.50107204 -0.49235753 -0.48364302 -0.47492851 -0.466214
 -0.45749949 -0.44878499 -0.44007048 -0.43135597 -0.42264146 -0.41392695
 -0.40521244 -0.39649793 -0.38778342 -0.37906891 -0.3703544  -0.36163989
 -0.35292538 -0.34421088 -0.33549637 -0.32678186 -0.31806735 -0.30935284
 -0.30063833 -0.29192382 -0.28320931 -0.2744948  -0.26578029 -0.25706578
 -0.24835127 -0.23963676 -0.23092226 -0.22220775 -0.21349324 -0.20477873
 -0.19606422 -0.18734971 -0.1786352  -0.16992069 -0.16120618 -0.15249167
 -0.14377716 -0.13506265 -0.12634815 -0.11763364 -0.10891913 -0.10020462
 -0.09149011 -0.0827756  -0.07406109 -0.06534658 -0.05663207 -0.04791756
 -0.03920305 -0.03048854 -0.02177403 -0.01305953 -0.00434502  0.00436949
  0.013084    0.02179851  0.03051302  0.03922753  0.04794204  0.05665655
  0.06537106  0.07408557  0.08280008  0.09151458  0.10022909  0.1089436
  0.11765811  0.12637262  0.13508713  0.14380164  0.15251615  0.16123066
  0.16994517  0.17865968  0.18737419  0.19608869  0.2048032   0.21351771
  0.22223222  0.23094673  0.23966124  0.24837575  0.25709026  0.26580477
  0.27451928  0.28323379  0.2919483   0.30066281  0.30937731  0.31809182
  0.32680633  0.33552084  0.34423535  0.35294986  0.36166437  0.37037888
  0.37909339  0.3878079   0.39652241  0.40523692  0.41395142  0.42266593
  0.43138044  0.44009495  0.44880946  0.45752397  0.46623848  0.47495299
  0.4836675   0.49238201  0.50109652  0.50981103  0.51852554  0.52724004
  0.53595455  0.54466906  0.55338357  0.56209808  0.57081259  0.5795271
  0.58824161  0.59695612  0.60567063  0.61438514  0.62309965  0.63181415
  0.64052866  0.64924317  0.65795768  0.66667219  0.6753867   0.68410121
  0.69281572  0.70153023  0.71024474  0.71895925  0.72767376  0.73638827
  0.74510277  0.75381728  0.76253179  0.7712463   0.77996081  0.78867532
  0.79738983  0.80610434  0.81481885  0.82353336  0.83224787  0.84096238
  0.84967688  0.85839139  0.8671059   0.87582041  0.88453492  0.89324943
  0.90196394  0.91067845  0.91939296  0.92810747  0.93682198  0.94553649
  0.954251    0.9629655   0.97168001  0.98039452  0.98910903  0.99782354
  1.00653805  1.01525256  1.02396707  1.03268158  1.04139609  1.0501106
  1.05882511  1.06753961  1.07625412  1.08496863  1.09368314  1.10239765
  1.11111216  1.11982667  1.12854118  1.13725569  1.1459702   1.15468471
  1.16339922  1.17211372  1.18082823  1.18954274  1.19825725  1.20697176
  1.21568627  1.22440078  1.23311529  1.2418298   1.25054431  1.25925882
  1.26797333  1.27668784  1.28540234  1.29411685  1.30283136  1.31154587
  1.32026038  1.32897489  1.3376894   1.34640391  1.35511842  1.36383293
  1.37254744  1.38126195  1.38997645  1.39869096  1.40740547  1.41611998
  1.42483449  1.433549    1.44226351  1.45097802  1.45969253  1.46840704
  1.47712155  1.48583606  1.49455057  1.50326507  1.51197958  1.52069409
  1.5294086   1.53812311  1.54683762  1.55555213  1.56426664  1.57298115
  1.58169566  1.59041017  1.59912468  1.60783918  1.61655369  1.6252682
  1.63398271  1.64269722  1.65141173  1.66012624  1.66884075  1.67755526
  1.68626977  1.69498428  1.70369879  1.7124133   1.7211278   1.72984231
  1.73855682  1.74727133  1.75598584  1.76470035  1.77341486  1.78212937
  1.79084388  1.79955839  1.8082729   1.81698741  1.82570191  1.83441642
  1.84313093  1.85184544  1.86055995  1.86927446  1.87798897  1.88670348
  1.89541799  1.9041325   1.91284701  1.92156152  1.93027603  1.93899053
  1.94770504  1.95641955  1.96513406  1.97384857  1.98256308  1.99127759
  1.9999921   2.00870661  2.01742112  2.02613563  2.03485014  2.04356464
  2.05227915  2.06099366  2.06970817  2.07842268  2.08713719  2.0958517
  2.10456621  2.11328072  2.12199523  2.13070974  2.13942425  2.14813876
  2.15685326  2.16556777  2.17428228  2.18299679  2.1917113   2.20042581
  2.20914032  2.21785483  2.22656934  2.23528385  2.24399836  2.25271287
  2.26142737  2.27014188  2.27885639  2.2875709   2.29628541  2.30499992
  2.31371443  2.32242894  2.33114345  2.33985796  2.34857247  2.35728698
  2.36600148  2.37471599  2.3834305   2.39214501  2.40085952  2.40957403
  2.41828854  2.42700305  2.43571756  2.44443207  2.45314658  2.46186109
  2.4705756   2.4792901   2.48800461  2.49671912  2.50543363  2.51414814
  2.52286265  2.53157716  2.54029167  2.54900618  2.55772069  2.5664352
  2.57514971  2.58386421  2.59257872  2.60129323  2.61000774  2.61872225
  2.62743676  2.63615127  2.64486578  2.65358029  2.6622948   2.67100931
  2.67972382  2.68843833  2.69715283  2.70586734  2.71458185  2.72329636
  2.73201087  2.74072538  2.74943989  2.7581544   2.76686891  2.77558342
  2.78429793  2.79301244  2.80172694  2.81044145  2.81915596  2.82787047
  2.83658498  2.84529949  2.854014    2.86272851  2.87144302  2.88015753
  2.88887204  2.89758655  2.90630106  2.91501556  2.92373007  2.93244458
  2.94115909  2.9498736   2.95858811  2.96730262  2.97601713  2.98473164
  2.99344615  3.00216066  3.01087517  3.01958967  3.02830418  3.03701869
  3.0457332   3.05444771  3.06316222  3.07187673  3.08059124  3.08930575
  3.09802026  3.10673477  3.11544928  3.12416379  3.13287829  3.1415928 ]
